   0.0000000e+00	   7.0179642e+02	   3.0261244e+02	   9.4720468e-01	
   9.0000000e+02	   7.1845653e+02	   2.8517112e+02	   9.5777674e-01	
   1.8000000e+03	   7.3188768e+02	   2.7330182e+02	   9.6887351e-01	
   2.7000000e+03	   7.4301403e+02	   2.6846771e+02	   9.7932532e-01	
   3.6000000e+03	   7.5394538e+02	   2.6946307e+02	   9.8906465e-01	
   4.5000000e+03	   7.6644424e+02	   2.7269796e+02	   1.0004500e+00	
   5.4000000e+03	   7.7868411e+02	   2.7499355e+02	   1.0110452e+00	
   6.3000000e+03	   7.8827403e+02	   2.7520843e+02	   1.0133345e+00	
   7.2000000e+03	   7.9679072e+02	   2.7675356e+02	   1.0058925e+00	
   8.1000000e+03	   8.0715001e+02	   2.8443547e+02	   9.9590801e-01	
   9.0000000e+03	   8.1771888e+02	   2.9659215e+02	   9.9268265e-01	
   9.9000000e+03	   8.2602899e+02	   3.0766475e+02	   1.0003519e+00	
   1.0800000e+04	   8.3335311e+02	   3.1564092e+02	   1.0143756e+00	
   1.1700000e+04	   8.3955703e+02	   3.2170067e+02	   1.0257123e+00	
   1.2600000e+04	   8.4051364e+02	   3.2559977e+02	   1.0296951e+00	
   1.3500000e+04	   8.3631576e+02	   3.2540568e+02	   1.0284209e+00	
   1.4400000e+04	   8.3446426e+02	   3.2316780e+02	   1.0253996e+00	
   1.5300000e+04	   8.3943394e+02	   3.2330810e+02	   1.0216561e+00	
   1.6200000e+04	   8.5152348e+02	   3.2455657e+02	   1.0182932e+00	
   1.7100000e+04	   8.6978928e+02	   3.2335599e+02	   1.0208836e+00	
   1.8000000e+04	   8.8870772e+02	   3.2012352e+02	   1.0344121e+00	
   1.8900000e+04	   9.0193595e+02	   3.1547150e+02	   1.0583298e+00	
   1.9800000e+04	   9.0702240e+02	   3.0769158e+02	   1.0894295e+00	
   2.0700000e+04	   9.0711458e+02	   2.9464595e+02	   1.1216141e+00	
   2.1600000e+04	   9.1005308e+02	   2.7591165e+02	   1.1456767e+00	
   2.2500000e+04	   9.2352106e+02	   2.5570996e+02	   1.1567674e+00	
   2.3400000e+04	   9.5123363e+02	   2.3808443e+02	   1.1565124e+00	
   2.4300000e+04	   9.8949130e+02	   2.2168098e+02	   1.1548609e+00	
   2.5200000e+04	   1.0292675e+03	   2.0583911e+02	   1.1642590e+00	
   2.6100000e+04	   1.0641059e+03	   1.9746415e+02	   1.1819095e+00	
   2.7000000e+04	   1.0910994e+03	   1.9794668e+02	   1.1924504e+00	
   2.7900000e+04	   1.1130807e+03	   2.0300600e+02	   1.1924391e+00	
   2.8800000e+04	   1.1359084e+03	   2.0793555e+02	   1.1941004e+00	
   2.9700000e+04	   1.1601945e+03	   2.0705445e+02	   1.2044911e+00	
   3.0600000e+04	   1.1858612e+03	   2.0003062e+02	   1.2173630e+00	
   3.1500000e+04	   1.2134155e+03	   1.9103330e+02	   1.2260575e+00	
   3.2400000e+04	   1.2403365e+03	   1.8280264e+02	   1.2336914e+00	
   3.3300000e+04	   1.2656056e+03	   1.7424701e+02	   1.2458589e+00	
   3.4200000e+04	   1.2910212e+03	   1.6653792e+02	   1.2610851e+00	
   3.5100000e+04	   1.3160651e+03	   1.6442984e+02	   1.2737312e+00	
   3.6000000e+04	   1.3389194e+03	   1.6657659e+02	   1.2808628e+00	
   3.6900000e+04	   1.3585482e+03	   1.6677409e+02	   1.2846753e+00	
   3.7800000e+04	   1.3748689e+03	   1.6168537e+02	   1.2891117e+00	
   3.8700000e+04	   1.3908155e+03	   1.5085470e+02	   1.2952559e+00	
   3.9600000e+04	   1.4113989e+03	   1.3734223e+02	   1.3022394e+00	
   4.0500000e+04	   1.4385597e+03	   1.2560667e+02	   1.3106019e+00	
   4.1400000e+04	   1.4681381e+03	   1.1727943e+02	   1.3224828e+00	
   4.2300000e+04	   1.4957817e+03	   1.1285064e+02	   1.3376159e+00	
   4.3200000e+04	   1.5229067e+03	   1.1163870e+02	   1.3524230e+00	
   4.4100000e+04	   1.5522507e+03	   1.1134908e+02	   1.3648075e+00	
   4.5000000e+04	   1.5841413e+03	   1.1143030e+02	   1.3746948e+00	
   4.5900000e+04	   1.6179332e+03	   1.1389296e+02	   1.3816128e+00	
   4.6800000e+04	   1.6506474e+03	   1.2042722e+02	   1.3850340e+00	
   4.7700000e+04	   1.6789417e+03	   1.3093465e+02	   1.3855933e+00	
   4.8600000e+04	   1.7038216e+03	   1.4323029e+02	   1.3851138e+00	
   4.9500000e+04	   1.7279701e+03	   1.5632565e+02	   1.3841352e+00	
   5.0400000e+04	   1.7516489e+03	   1.6968441e+02	   1.3822578e+00	
   5.1300000e+04	   1.7734702e+03	   1.8055682e+02	   1.3802318e+00	
   5.2200000e+04	   1.7939846e+03	   1.8713696e+02	   1.3792733e+00	
   5.3100000e+04	   1.8167059e+03	   1.8921159e+02	   1.3798117e+00	
   5.4000000e+04	   1.8456967e+03	   1.8949059e+02	   1.3804360e+00	
   5.4900000e+04	   1.8826465e+03	   1.9147595e+02	   1.3794344e+00	
   5.5800000e+04	   1.9248695e+03	   1.9412924e+02	   1.3776800e+00	
   5.6700000e+04	   1.9662773e+03	   1.9423044e+02	   1.3770821e+00	
   5.7600000e+04	   2.0023084e+03	   1.9226942e+02	   1.3778501e+00	
   5.8500000e+04	   2.0339672e+03	   1.8987071e+02	   1.3799317e+00	
   5.9400000e+04	   2.0653563e+03	   1.8511219e+02	   1.3833701e+00	
   6.0300000e+04	   2.0973119e+03	   1.7541055e+02	   1.3873933e+00	
   6.1200000e+04	   2.1269353e+03	   1.6360005e+02	   1.3916733e+00	
   6.2100000e+04	   2.1526158e+03	   1.5489534e+02	   1.3965779e+00	
   6.3000000e+04	   2.1741731e+03	   1.5105362e+02	   1.4026231e+00	
   6.3900000e+04	   2.1918537e+03	   1.5030475e+02	   1.4102991e+00	
   6.4800000e+04	   2.2089648e+03	   1.5006830e+02	   1.4194997e+00	
   6.5700000e+04	   2.2300423e+03	   1.4877812e+02	   1.4293248e+00	
   6.6600000e+04	   2.2573236e+03	   1.4855619e+02	   1.4368649e+00	
   6.7500000e+04	   2.2915400e+03	   1.5312144e+02	   1.4389207e+00	
   6.8400000e+04	   2.3312148e+03	   1.6284447e+02	   1.4371408e+00	
   6.9300000e+04	   2.3730186e+03	   1.7519874e+02	   1.4355403e+00	
   7.0200000e+04	   2.4159230e+03	   1.8652957e+02	   1.4345394e+00	
   7.1100000e+04	   2.4592204e+03	   1.9450234e+02	   1.4323619e+00	
   7.2000000e+04	   2.4995553e+03	   2.0178225e+02	   1.4293367e+00	
   7.2900000e+04	   2.5348442e+03	   2.1132152e+02	   1.4277695e+00	
   7.3800000e+04	   2.5623534e+03	   2.2000167e+02	   1.4277568e+00	
   7.4700000e+04	   2.5773265e+03	   2.2325168e+02	   1.4273586e+00	
   7.5600000e+04	   2.5811055e+03	   2.2362859e+02	   1.4268447e+00	
   7.6500000e+04	   2.5803866e+03	   2.2631056e+02	   1.4281896e+00	
   7.7400000e+04	   2.5802494e+03	   2.3208775e+02	   1.4324143e+00	
   7.8300000e+04	   2.5824467e+03	   2.3990777e+02	   1.4390845e+00	
   7.9200000e+04	   2.5874612e+03	   2.4909734e+02	   1.4469722e+00	
   8.0100000e+04	   2.5952805e+03	   2.5896994e+02	   1.4549838e+00	
   8.1000000e+04	   2.6054719e+03	   2.6882677e+02	   1.4623159e+00	
   8.1900000e+04	   2.6193449e+03	   2.7795814e+02	   1.4687428e+00	
   8.2800000e+04	   2.6390787e+03	   2.8532912e+02	   1.4742340e+00	
   8.3700000e+04	   2.6644254e+03	   2.8890756e+02	   1.4784465e+00	
   8.4600000e+04	   2.6931805e+03	   2.8936246e+02	   1.4816659e+00	
   8.5500000e+04	   2.7239010e+03	   2.8858208e+02	   1.4851486e+00	
   8.6400000e+04	   2.7567025e+03	   2.8684567e+02	   1.4906930e+00	
   8.7300000e+04	   2.7900843e+03	   2.8493550e+02	   1.4983627e+00	
   8.8200000e+04	   2.8184033e+03	   2.8464384e+02	   1.5063586e+00	
   8.9100000e+04	   2.8375900e+03	   2.8701464e+02	   1.5134268e+00	
   9.0000000e+04	   2.8507733e+03	   2.9162106e+02	   1.5195579e+00	
   9.0900000e+04	   2.8614483e+03	   2.9731845e+02	   1.5257815e+00	
   9.1800000e+04	   2.8662752e+03	   3.0353923e+02	   1.5337549e+00	
   9.2700000e+04	   2.8624829e+03	   3.0971821e+02	   1.5448288e+00	
   9.3600000e+04	   2.8563512e+03	   3.1365654e+02	   1.5590924e+00	
   9.4500000e+04	   2.8570770e+03	   3.1386121e+02	  -1.5669498e+00	
   9.5400000e+04	   2.8693738e+03	   3.1166723e+02	  -1.5529473e+00	
   9.6300000e+04	   2.8930809e+03	   3.0903100e+02	  -1.5418489e+00	
   9.7200000e+04	   2.9242957e+03	   3.0913829e+02	  -1.5333801e+00	
   9.8100000e+04	   2.9590792e+03	   3.1474821e+02	  -1.5257028e+00	
   9.9000000e+04	   2.9964014e+03	   3.2270968e+02	  -1.5161512e+00	
   9.9900000e+04	   3.0336918e+03	   3.2912245e+02	  -1.5055306e+00	
   1.0080000e+05	   3.0656060e+03	   3.3243453e+02	  -1.4970917e+00	
   1.0170000e+05	   3.0905361e+03	   3.3274986e+02	  -1.4901363e+00	
   1.0260000e+05	   3.1118721e+03	   3.2990809e+02	  -1.4812109e+00	
   1.0350000e+05	   3.1348479e+03	   3.2397965e+02	  -1.4698776e+00	
   1.0440000e+05	   3.1609527e+03	   3.1653319e+02	  -1.4583708e+00	
   1.0530000e+05	   3.1840986e+03	   3.0913351e+02	  -1.4483806e+00	
   1.0620000e+05	   3.1992877e+03	   3.0328388e+02	  -1.4402627e+00	
   1.0710000e+05	   3.2096605e+03	   2.9954093e+02	  -1.4334446e+00	
   1.0800000e+05	   3.2209195e+03	   2.9642188e+02	  -1.4272595e+00	
   1.0890000e+05	   3.2335611e+03	   2.9243854e+02	  -1.4215997e+00	
   1.0980000e+05	   3.2448981e+03	   2.8740080e+02	  -1.4167122e+00	
   1.1070000e+05	   3.2544067e+03	   2.8161936e+02	  -1.4128764e+00	
   1.1160000e+05	   3.2634503e+03	   2.7660687e+02	  -1.4101686e+00	
   1.1250000e+05	   3.2731722e+03	   2.7431542e+02	  -1.4084465e+00	
   1.1340000e+05	   3.2837763e+03	   2.7439674e+02	  -1.4071801e+00	
   1.1430000e+05	   3.2951244e+03	   2.7515742e+02	  -1.4055805e+00	
   1.1520000e+05	   3.3063497e+03	   2.7609928e+02	  -1.4027937e+00	
   1.1610000e+05	   3.3159218e+03	   2.7731107e+02	  -1.3985655e+00	
   1.1700000e+05	   3.3224141e+03	   2.7745509e+02	  -1.3937431e+00	
   1.1790000e+05	   3.3222316e+03	   2.7438975e+02	  -1.3887970e+00	
   1.1880000e+05	   3.3135889e+03	   2.6867521e+02	  -1.3825486e+00	
   1.1970000e+05	   3.3018205e+03	   2.6265077e+02	  -1.3738408e+00	
   1.2060000e+05	   3.2925712e+03	   2.5696162e+02	  -1.3638394e+00	
   1.2150000e+05	   3.2869926e+03	   2.5202232e+02	  -1.3547746e+00	
   1.2240000e+05	   3.2853996e+03	   2.4957526e+02	  -1.3473328e+00	
   1.2330000e+05	   3.2862955e+03	   2.4936809e+02	  -1.3406542e+00	
   1.2420000e+05	   3.2863192e+03	   2.4981914e+02	  -1.3340792e+00	
   1.2510000e+05	   3.2859078e+03	   2.5059622e+02	  -1.3277154e+00	
   1.2600000e+05	   3.2906256e+03	   2.5126166e+02	  -1.3216392e+00	
   1.2690000e+05	   3.3035232e+03	   2.5140453e+02	  -1.3157545e+00	
   1.2780000e+05	   3.3200140e+03	   2.5207650e+02	  -1.3098124e+00	
   1.2870000e+05	   3.3328433e+03	   2.5458743e+02	  -1.3034778e+00	
   1.2960000e+05	   3.3390901e+03	   2.5934959e+02	  -1.2966943e+00	
   1.3050000e+05	   3.3433553e+03	   2.6611146e+02	  -1.2896182e+00	
   1.3140000e+05	   3.3516189e+03	   2.7370669e+02	  -1.2824997e+00	
   1.3230000e+05	   3.3634858e+03	   2.8113165e+02	  -1.2757726e+00	
   1.3320000e+05	   3.3756296e+03	   2.8798631e+02	  -1.2699409e+00	
   1.3410000e+05	   3.3855254e+03	   2.9373933e+02	  -1.2648680e+00	
   1.3500000e+05	   3.3928187e+03	   2.9910536e+02	  -1.2592924e+00	
   1.3590000e+05	   3.4008917e+03	   3.0502996e+02	  -1.2518259e+00	
   1.3680000e+05	   3.4126104e+03	   3.1069671e+02	  -1.2423148e+00	
   1.3770000e+05	   3.4273817e+03	   3.1469744e+02	  -1.2315637e+00	
   1.3860000e+05	   3.4434858e+03	   3.1614580e+02	  -1.2207680e+00	
   1.3950000e+05	   3.4602305e+03	   3.1579591e+02	  -1.2107454e+00	
   1.4040000e+05	   3.4779967e+03	   3.1948881e+02	  -1.2002487e+00	
   1.4130000e+05	   3.4961295e+03	   3.3254673e+02	  -1.1875233e+00	
   1.4220000e+05	   3.5107409e+03	   3.4501556e+02	  -1.1751096e+00	
   1.4310000e+05	   3.5193283e+03	   3.4214734e+02	  -1.1671156e+00	
   1.4400000e+05	   3.5283796e+03	   3.3063857e+02	  -1.1621836e+00	
   1.4490000e+05	   3.5468972e+03	   3.2641459e+02	  -1.1566486e+00	
   1.4580000e+05	   3.5730576e+03	   3.2925561e+02	  -1.1499896e+00	
   1.4670000e+05	   3.5976078e+03	   3.3135407e+02	  -1.1432215e+00	
   1.4760000e+05	   3.6166460e+03	   3.3245711e+02	  -1.1366964e+00	
   1.4850000e+05	   3.6331014e+03	   3.3619932e+02	  -1.1306338e+00	
   1.4940000e+05	   3.6496612e+03	   3.4321785e+02	  -1.1250725e+00	
   1.5030000e+05	   3.6649651e+03	   3.5147966e+02	  -1.1190962e+00	
   1.5120000e+05	   3.6771695e+03	   3.5902878e+02	  -1.1120023e+00	
   1.5210000e+05	   3.6863678e+03	   3.6533537e+02	  -1.1041477e+00	
   1.5300000e+05	   3.6919350e+03	   3.6983465e+02	  -1.0958028e+00	
   1.5390000e+05	   3.6955636e+03	   3.7098997e+02	  -1.0868891e+00	
   1.5480000e+05	   3.7024940e+03	   3.6878345e+02	  -1.0777303e+00	
   1.5570000e+05	   3.7136128e+03	   3.6535816e+02	  -1.0688225e+00	
   1.5660000e+05	   3.7251735e+03	   3.6267148e+02	  -1.0603047e+00	
   1.5750000e+05	   3.7360836e+03	   3.6152749e+02	  -1.0524422e+00	
   1.5840000e+05	   3.7486788e+03	   3.6200364e+02	  -1.0461257e+00	
   1.5930000e+05	   3.7634177e+03	   3.6256634e+02	  -1.0412952e+00	
   1.6020000e+05	   3.7782534e+03	   3.6104003e+02	  -1.0365320e+00	
   1.6110000e+05	   3.7938681e+03	   3.5637550e+02	  -1.0308769e+00	
   1.6200000e+05	   3.8121898e+03	   3.4919750e+02	  -1.0244611e+00	
   1.6290000e+05	   3.8314702e+03	   3.4145308e+02	  -1.0184344e+00	
   1.6380000e+05	   3.8482418e+03	   3.3282546e+02	  -1.0136974e+00	
   1.6470000e+05	   3.8613084e+03	   3.2109715e+02	  -1.0096568e+00	
   1.6560000e+05	   3.8718156e+03	   3.0810972e+02	  -1.0055133e+00	
   1.6650000e+05	   3.8816588e+03	   2.9917389e+02	  -1.0016932e+00	
   1.6740000e+05	   3.8930798e+03	   2.9607737e+02	  -9.9893339e-01	
   1.6830000e+05	   3.9068024e+03	   2.9575331e+02	  -9.9654047e-01	
   1.6920000e+05	   3.9226769e+03	   2.9583897e+02	  -9.9368216e-01	
   1.7010000e+05	   3.9411337e+03	   2.9720370e+02	  -9.9103981e-01	
   1.7100000e+05	   3.9592111e+03	   3.0003558e+02	  -9.8892179e-01	
   1.7190000e+05	   3.9728426e+03	   3.0225389e+02	  -9.8662368e-01	
   1.7280000e+05	   3.9828133e+03	   3.0058150e+02	  -9.8400793e-01	
   1.7370000e+05	   3.9923788e+03	   2.9176969e+02	  -9.8154944e-01	
   1.7460000e+05	   4.0025617e+03	   2.7650639e+02	  -9.7976692e-01	
   1.7550000e+05	   4.0116318e+03	   2.5940816e+02	  -9.7918986e-01	
   1.7640000e+05	   4.0190032e+03	   2.4762658e+02	  -9.7984178e-01	
   1.7730000e+05	   4.0253224e+03	   2.4525868e+02	  -9.8082898e-01	
   1.7820000e+05	   4.0294693e+03	   2.4460606e+02	  -9.8131711e-01	
   1.7910000e+05	   4.0320831e+03	   2.3615236e+02	  -9.8141452e-01	
   1.8000000e+05	   4.0363999e+03	   2.2468629e+02	  -9.8119755e-01	
   1.8090000e+05	   4.0426617e+03	   2.1954369e+02	  -9.8009302e-01	
   1.8180000e+05	   4.0491802e+03	   2.1712635e+02	  -9.7830988e-01	
   1.8270000e+05	   4.0529440e+03	   2.1073175e+02	  -9.7704857e-01	
   1.8360000e+05	   4.0497343e+03	   2.0517265e+02	  -9.7698660e-01	
   1.8450000e+05	   4.0402632e+03	   2.0729937e+02	  -9.7689574e-01	
   1.8540000e+05	   4.0287994e+03	   2.1291262e+02	  -9.7491952e-01	
   1.8630000e+05	   4.0178632e+03	   2.1198777e+02	  -9.7070803e-01	
   1.8720000e+05	   4.0093383e+03	   2.0078181e+02	  -9.6534968e-01	
   1.8810000e+05	   4.0058125e+03	   1.8190038e+02	  -9.6000571e-01	
   1.8900000e+05	   4.0082059e+03	   1.6215329e+02	  -9.5507670e-01	
   1.8990000e+05	   4.0144594e+03	   1.4735891e+02	  -9.4997196e-01	
   1.9080000e+05	   4.0238741e+03	   1.3742902e+02	  -9.4381795e-01	
   1.9170000e+05	   4.0387917e+03	   1.3046621e+02	  -9.3749646e-01	
   1.9260000e+05	   4.0577531e+03	   1.2548594e+02	  -9.3302074e-01	
   1.9350000e+05	   4.0761265e+03	   1.2217118e+02	  -9.3039759e-01	
   1.9440000e+05	   4.0944341e+03	   1.2012709e+02	  -9.2765118e-01	
   1.9530000e+05	   4.1154813e+03	   1.1834307e+02	  -9.2342909e-01	
   1.9620000e+05	   4.1382352e+03	   1.1668685e+02	  -9.1859981e-01	
   1.9710000e+05	   4.1598722e+03	   1.1501637e+02	  -9.1536317e-01	
   1.9800000e+05	   4.1780490e+03	   1.1271357e+02	  -9.1468172e-01	
   1.9890000e+05	   4.1915818e+03	   1.1151394e+02	  -9.1567449e-01	
   1.9980000e+05	   4.2008106e+03	   1.1359200e+02	  -9.1680535e-01	
   2.0070000e+05	   4.2066384e+03	   1.1716009e+02	  -9.1698837e-01	
   2.0160000e+05	   4.2097659e+03	   1.1946145e+02	  -9.1627909e-01	
   2.0250000e+05	   4.2114634e+03	   1.1882603e+02	  -9.1523920e-01	
   2.0340000e+05	   4.2139973e+03	   1.1741205e+02	  -9.1409432e-01	
   2.0430000e+05	   4.2178737e+03	   1.1880123e+02	  -9.1336669e-01	
   2.0520000e+05	   4.2203842e+03	   1.2117046e+02	  -9.1343406e-01	
   2.0610000e+05	   4.2196385e+03	   1.2075137e+02	  -9.1389097e-01	
   2.0700000e+05	   4.2186001e+03	   1.1675053e+02	  -9.1458874e-01	
   2.0790000e+05	   4.2207597e+03	   1.0832996e+02	  -9.1553597e-01	
   2.0880000e+05	   4.2245515e+03	   9.8898101e+01	  -9.1592991e-01	
   2.0970000e+05	   4.2265565e+03	   9.5595137e+01	  -9.1506612e-01	
   2.1060000e+05	   4.2280825e+03	   9.7545158e+01	  -9.1352147e-01	
   2.1150000e+05	   4.2339210e+03	   9.7951926e+01	  -9.1191164e-01	
   2.1240000e+05	   4.2462610e+03	   9.7379414e+01	  -9.1050925e-01	
   2.1330000e+05	   4.2642399e+03	   1.0127376e+02	  -9.0967489e-01	
   2.1420000e+05	   4.2857178e+03	   1.0902770e+02	  -9.0920706e-01	
   2.1510000e+05	   4.3090145e+03	   1.1592831e+02	  -9.0874627e-01	
   2.1600000e+05	   4.3344200e+03	   1.2200492e+02	  -9.0835821e-01	
   2.1690000e+05	   4.3618427e+03	   1.3169586e+02	  -9.0803695e-01	
   2.1780000e+05	   4.3910346e+03	   1.4644825e+02	  -9.0735855e-01	
   2.1870000e+05	   4.4231087e+03	   1.6412138e+02	  -9.0616058e-01	
   2.1960000e+05	   4.4577751e+03	   1.8202771e+02	  -9.0532602e-01	
   2.2050000e+05	   4.4933209e+03	   1.9752483e+02	  -9.0605862e-01	
   2.2140000e+05	   4.5290121e+03	   2.0923504e+02	  -9.0860368e-01	
   2.2230000e+05	   4.5630152e+03	   2.1771286e+02	  -9.1225447e-01	
   2.2320000e+05	   4.5915179e+03	   2.2454312e+02	  -9.1644811e-01	
   2.2410000e+05	   4.6135952e+03	   2.3103720e+02	  -9.2106747e-01	
   2.2500000e+05	   4.6318117e+03	   2.3854926e+02	  -9.2582232e-01	
   2.2590000e+05	   4.6477642e+03	   2.4811614e+02	  -9.3042348e-01	
   2.2680000e+05	   4.6606764e+03	   2.5983131e+02	  -9.3497371e-01	
   2.2770000e+05	   4.6687571e+03	   2.7340095e+02	  -9.3988260e-01	
   2.2860000e+05	   4.6704354e+03	   2.8905056e+02	  -9.4561296e-01	
   2.2950000e+05	   4.6654354e+03	   3.0738249e+02	  -9.5253061e-01	
   2.3040000e+05	   4.6578086e+03	   3.2320280e+02	  -9.6067811e-01	
   2.3130000e+05	   4.6528250e+03	   3.2778053e+02	  -9.6933571e-01	
   2.3220000e+05	   4.6482004e+03	   3.2577756e+02	  -9.7731321e-01	
   2.3310000e+05	   4.6383657e+03	   3.2940315e+02	  -9.8373772e-01	
   2.3400000e+05	   4.6237634e+03	   3.4111233e+02	  -9.8850375e-01	
   2.3490000e+05	   4.6068842e+03	   3.5731417e+02	  -9.9223192e-01	
   2.3580000e+05	   4.5887163e+03	   3.7575914e+02	  -9.9551465e-01	
   2.3670000e+05	   4.5719584e+03	   3.9420752e+02	  -9.9887391e-01	
   2.3760000e+05	   4.5597816e+03	   4.1097240e+02	  -1.0028197e+00	
   2.3850000e+05	   4.5520702e+03	   4.2707810e+02	  -1.0075004e+00	
   2.3940000e+05	   4.5466818e+03	   4.4237949e+02	  -1.0126820e+00	
   2.4030000e+05	   4.5422561e+03	   4.5392897e+02	  -1.0177592e+00	
   2.4120000e+05	   4.5387257e+03	   4.6025074e+02	  -1.0222804e+00	
   2.4210000e+05	   4.5374735e+03	   4.6254010e+02	  -1.0261870e+00	
   2.4300000e+05	   4.5396952e+03	   4.6399717e+02	  -1.0296569e+00	
   2.4390000e+05	   4.5446771e+03	   4.6761366e+02	  -1.0329858e+00	
   2.4480000e+05	   4.5519984e+03	   4.7390125e+02	  -1.0360727e+00	
   2.4570000e+05	   4.5629242e+03	   4.8226907e+02	  -1.0384536e+00	
   2.4660000e+05	   4.5779662e+03	   4.9324761e+02	  -1.0401755e+00	
   2.4750000e+05	   4.5957413e+03	   5.0719936e+02	  -1.0417803e+00	
   2.4840000e+05	   4.6141833e+03	   5.2223757e+02	  -1.0436513e+00	
   2.4930000e+05	   4.6329997e+03	   5.3637458e+02	  -1.0460860e+00	
   2.5020000e+05	   4.6533662e+03	   5.4932810e+02	  -1.0493496e+00	
   2.5110000e+05	   4.6749661e+03	   5.6118292e+02	  -1.0534165e+00	
   2.5200000e+05	   4.6953653e+03	   5.7166331e+02	  -1.0581353e+00	
   2.5290000e+05	   4.7111299e+03	   5.8027481e+02	  -1.0633950e+00	
   2.5380000e+05	   4.7205550e+03	   5.8621671e+02	  -1.0691031e+00	
   2.5470000e+05	   4.7245355e+03	   5.8957823e+02	  -1.0751598e+00	
   2.5560000e+05	   4.7237999e+03	   5.9117595e+02	  -1.0814018e+00	
   2.5650000e+05	   4.7178084e+03	   5.9168683e+02	  -1.0876910e+00	
   2.5740000e+05	   4.7064037e+03	   5.9185830e+02	  -1.0938178e+00	
   2.5830000e+05	   4.6915680e+03	   5.9041896e+02	  -1.0996768e+00	
   2.5920000e+05	   4.6758890e+03	   5.8461137e+02	  -1.1053262e+00	
   2.6010000e+05	   4.6596927e+03	   5.7498412e+02	  -1.1105926e+00	
   2.6100000e+05	   4.6425760e+03	   5.6468828e+02	  -1.1152864e+00	
   2.6190000e+05	   4.6250431e+03	   5.5426673e+02	  -1.1194940e+00	
   2.6280000e+05	   4.6080546e+03	   5.4199685e+02	  -1.1234528e+00	
   2.6370000e+05	   4.5934519e+03	   5.2781682e+02	  -1.1270965e+00	
   2.6460000e+05	   4.5835112e+03	   5.1303855e+02	  -1.1300873e+00	
   2.6550000e+05	   4.5793428e+03	   4.9926516e+02	  -1.1321252e+00	
   2.6640000e+05	   4.5813286e+03	   4.8827376e+02	  -1.1330028e+00	
   2.6730000e+05	   4.5866398e+03	   4.7750900e+02	  -1.1336499e+00	
   2.6820000e+05	   4.5890556e+03	   4.6092170e+02	  -1.1358018e+00	
   2.6910000e+05	   4.5889373e+03	   4.4191203e+02	  -1.1387572e+00	
   2.7000000e+05	   4.5925993e+03	   4.3216569e+02	  -1.1402647e+00	
   2.7090000e+05	   4.5974370e+03	   4.3127969e+02	  -1.1411295e+00	
   2.7180000e+05	   4.5945890e+03	   4.2821487e+02	  -1.1441637e+00	
   2.7270000e+05	   4.5837737e+03	   4.2050355e+02	  -1.1496547e+00	
   2.7360000e+05	   4.5717391e+03	   4.1306074e+02	  -1.1554363e+00	
   2.7450000e+05	   4.5620356e+03	   4.0783625e+02	  -1.1602371e+00	
   2.7540000e+05	   4.5553499e+03	   4.0375970e+02	  -1.1640893e+00	
   2.7630000e+05	   4.5543093e+03	   4.0032315e+02	  -1.1670063e+00	
   2.7720000e+05	   4.5594384e+03	   4.0129859e+02	  -1.1692661e+00	
   2.7810000e+05	   4.5665494e+03	   4.1122444e+02	  -1.1711685e+00	
   2.7900000e+05	   4.5732452e+03	   4.2872307e+02	  -1.1724417e+00	
   2.7990000e+05	   4.5825584e+03	   4.4881029e+02	  -1.1728265e+00	
   2.8080000e+05	   4.5959824e+03	   4.6754856e+02	  -1.1725765e+00	
   2.8170000e+05	   4.6088363e+03	   4.8295355e+02	  -1.1720047e+00	
   2.8260000e+05	   4.6183608e+03	   4.9599879e+02	  -1.1712346e+00	
   2.8350000e+05	   4.6271146e+03	   5.0863593e+02	  -1.1702569e+00	
   2.8440000e+05	   4.6364481e+03	   5.2028682e+02	  -1.1693366e+00	
   2.8530000e+05	   4.6451562e+03	   5.2970359e+02	  -1.1689936e+00	
   2.8620000e+05	   4.6522392e+03	   5.3657647e+02	  -1.1689978e+00	
   2.8710000e+05	   4.6573771e+03	   5.4037287e+02	  -1.1688204e+00	
   2.8800000e+05	   4.6619779e+03	   5.4193396e+02	  -1.1686006e+00	
   2.8890000e+05	   4.6675798e+03	   5.4301161e+02	  -1.1685036e+00	
   2.8980000e+05	   4.6737244e+03	   5.4411499e+02	  -1.1684239e+00	
   2.9070000e+05	   4.6800936e+03	   5.4485314e+02	  -1.1685291e+00	
   2.9160000e+05	   4.6878541e+03	   5.4450970e+02	  -1.1689063e+00	
   2.9250000e+05	   4.6992058e+03	   5.4179585e+02	  -1.1694894e+00	
   2.9340000e+05	   4.7123694e+03	   5.3651220e+02	  -1.1707851e+00	
   2.9430000e+05	   4.7214015e+03	   5.3029575e+02	  -1.1734425e+00	
   2.9520000e+05	   4.7255337e+03	   5.2324927e+02	  -1.1770861e+00	
   2.9610000e+05	   4.7286051e+03	   5.1360231e+02	  -1.1809072e+00	
   2.9700000e+05	   4.7313406e+03	   5.0170377e+02	  -1.1852888e+00	
   2.9790000e+05	   4.7308332e+03	   4.9096273e+02	  -1.1907966e+00	
   2.9880000e+05	   4.7246491e+03	   4.8528311e+02	  -1.1965654e+00	
   2.9970000e+05	   4.7158667e+03	   4.8271947e+02	  -1.2016860e+00	
   3.0060000e+05	   4.7100884e+03	   4.7692798e+02	  -1.2061201e+00	
   3.0150000e+05	   4.7079750e+03	   4.6663227e+02	  -1.2097669e+00	
   3.0240000e+05	   4.7071256e+03	   4.5551810e+02	  -1.2126900e+00	
   3.0330000e+05	   4.7073435e+03	   4.4376421e+02	  -1.2151056e+00	
   3.0420000e+05	   4.7079958e+03	   4.2678934e+02	  -1.2161808e+00	
   3.0510000e+05	   4.7072486e+03	   4.0466903e+02	  -1.2154892e+00	
   3.0600000e+05	   4.7057065e+03	   3.8416585e+02	  -1.2141831e+00	
   3.0690000e+05	   4.7049766e+03	   3.6895834e+02	  -1.2130253e+00	
   3.0780000e+05	   4.7060102e+03	   3.5833725e+02	  -1.2124272e+00	
   3.0870000e+05	   4.7108788e+03	   3.5082072e+02	  -1.2129925e+00	
   3.0960000e+05	   4.7218098e+03	   3.4361514e+02	  -1.2144423e+00	
   3.1050000e+05	   4.7359125e+03	   3.3502558e+02	  -1.2165922e+00	
   3.1140000e+05	   4.7456806e+03	   3.2369660e+02	  -1.2195973e+00	
   3.1230000e+05	   4.7494116e+03	   3.0804691e+02	  -1.2223071e+00	
   3.1320000e+05	   4.7529289e+03	   2.9301583e+02	  -1.2239866e+00	
   3.1410000e+05	   4.7588898e+03	   2.8516026e+02	  -1.2257233e+00	
   3.1500000e+05	   4.7642666e+03	   2.8196320e+02	  -1.2277066e+00	
   3.1590000e+05	   4.7685422e+03	   2.7699384e+02	  -1.2288835e+00	
   3.1680000e+05	   4.7753697e+03	   2.6927898e+02	  -1.2288865e+00	
   3.1770000e+05	   4.7851428e+03	   2.6014311e+02	  -1.2280742e+00	
   3.1860000e+05	   4.7924735e+03	   2.5029310e+02	  -1.2271048e+00	
   3.1950000e+05	   4.7927884e+03	   2.4089085e+02	  -1.2264175e+00	
   3.2040000e+05	   4.7871936e+03	   2.3410086e+02	  -1.2261056e+00	
   3.2130000e+05	   4.7796877e+03	   2.3226461e+02	  -1.2263023e+00	
   3.2220000e+05	   4.7729643e+03	   2.3391862e+02	  -1.2268094e+00	
   3.2310000e+05	   4.7683469e+03	   2.3555001e+02	  -1.2271302e+00	
   3.2400000e+05	   4.7666960e+03	   2.3668956e+02	  -1.2267033e+00	
   3.2490000e+05	   4.7656266e+03	   2.3840584e+02	  -1.2253147e+00	
   3.2580000e+05	   4.7588454e+03	   2.4270088e+02	  -1.2236680e+00	
   3.2670000e+05	   4.7446404e+03	   2.5124940e+02	  -1.2224138e+00	
   3.2760000e+05	   4.7287387e+03	   2.6228266e+02	  -1.2212918e+00	
   3.2850000e+05	   4.7144962e+03	   2.7300249e+02	  -1.2199848e+00	
   3.2940000e+05	   4.7029928e+03	   2.7974943e+02	  -1.2181591e+00	
   3.3030000e+05	   4.6958570e+03	   2.7949760e+02	  -1.2151127e+00	
   3.3120000e+05	   4.6915779e+03	   2.7650897e+02	  -1.2109532e+00	
   3.3210000e+05	   4.6881503e+03	   2.7769696e+02	  -1.2065402e+00	
   3.3300000e+05	   4.6852264e+03	   2.8322216e+02	  -1.2017967e+00	
   3.3390000e+05	   4.6836698e+03	   2.8722909e+02	  -1.1961241e+00	
   3.3480000e+05	   4.6865303e+03	   2.8608760e+02	  -1.1901593e+00	
   3.3570000e+05	   4.6952947e+03	   2.8331459e+02	  -1.1850816e+00	
   3.3660000e+05	   4.7062679e+03	   2.8196604e+02	  -1.1809614e+00	
   3.3750000e+05	   4.7169733e+03	   2.8285060e+02	  -1.1771617e+00	
   3.3840000e+05	   4.7307045e+03	   2.9033674e+02	  -1.1732941e+00	
   3.3930000e+05	   4.7509189e+03	   3.0629684e+02	  -1.1692833e+00	
   3.4020000e+05	   4.7775793e+03	   3.2409825e+02	  -1.1651058e+00	
   3.4110000e+05	   4.8069782e+03	   3.3894019e+02	  -1.1609717e+00	
   3.4200000e+05	   4.8352128e+03	   3.5487336e+02	  -1.1571123e+00	
   3.4290000e+05	   4.8632081e+03	   3.7617068e+02	  -1.1532403e+00	
   3.4380000e+05	   4.8940948e+03	   4.0025263e+02	  -1.1494248e+00	
   3.4470000e+05	   4.9273169e+03	   4.2169620e+02	  -1.1468199e+00	
   3.4560000e+05	   4.9588421e+03	   4.3819091e+02	  -1.1465331e+00	
   3.4650000e+05	   4.9858414e+03	   4.5072857e+02	  -1.1480456e+00	
   3.4740000e+05	   5.0096742e+03	   4.6251402e+02	  -1.1498442e+00	
   3.4830000e+05	   5.0311241e+03	   4.7637593e+02	  -1.1520570e+00	
   3.4920000e+05	   5.0463569e+03	   4.8862548e+02	  -1.1559458e+00	
   3.5010000e+05	   5.0547132e+03	   4.9358178e+02	  -1.1611859e+00	
   3.5100000e+05	   5.0619897e+03	   4.9466001e+02	  -1.1660844e+00	
   3.5190000e+05	   5.0688075e+03	   4.9744097e+02	  -1.1699646e+00	
   3.5280000e+05	   5.0653126e+03	   4.9897807e+02	  -1.1728758e+00	
   3.5370000e+05	   5.0482725e+03	   4.9447511e+02	  -1.1742662e+00	
   3.5460000e+05	   5.0331924e+03	   4.8572020e+02	  -1.1735672e+00	
   3.5550000e+05	   5.0295560e+03	   4.7735326e+02	  -1.1708411e+00	
   3.5640000e+05	   5.0245785e+03	   4.6920622e+02	  -1.1671979e+00	
   3.5730000e+05	   5.0058143e+03	   4.5698533e+02	  -1.1639122e+00	
   3.5820000e+05	   4.9759810e+03	   4.4160891e+02	  -1.1607637e+00	
   3.5910000e+05	   4.9430194e+03	   4.2736734e+02	  -1.1570634e+00	
   3.6000000e+05	   4.9124106e+03	   4.1543251e+02	  -1.1528975e+00	
   3.6090000e+05	   4.8860565e+03	   4.0580387e+02	  -1.1483998e+00	
   3.6180000e+05	   4.8632016e+03	   3.9658700e+02	  -1.1436270e+00	
   3.6270000e+05	   4.8432387e+03	   3.8411554e+02	  -1.1387706e+00	
   3.6360000e+05	   4.8256794e+03	   3.6974929e+02	  -1.1336874e+00	
   3.6450000e+05	   4.8091349e+03	   3.6096094e+02	  -1.1278539e+00	
   3.6540000e+05	   4.7932246e+03	   3.6594596e+02	  -1.1208114e+00	
   3.6630000e+05	   4.7818420e+03	   3.8757223e+02	  -1.1124282e+00	
   3.6720000e+05	   4.7794422e+03	   4.1940099e+02	  -1.1029973e+00	
   3.6810000e+05	   4.7859387e+03	   4.5225761e+02	  -1.0932201e+00	
   3.6900000e+05	   4.7994761e+03	   4.7677982e+02	  -1.0839033e+00	
   3.6990000e+05	   4.8176891e+03	   4.8508466e+02	  -1.0754035e+00	
   3.7080000e+05	   4.8384456e+03	   4.8001858e+02	  -1.0673044e+00	
   3.7170000e+05	   4.8614212e+03	   4.7050492e+02	  -1.0593861e+00	
   3.7260000e+05	   4.8852420e+03	   4.6166753e+02	  -1.0523145e+00	
   3.7350000e+05	   4.9070916e+03	   4.5510841e+02	  -1.0466578e+00	
   3.7440000e+05	   4.9257893e+03	   4.5079492e+02	  -1.0426565e+00	
   3.7530000e+05	   4.9422110e+03	   4.4798070e+02	  -1.0404309e+00	
   3.7620000e+05	   4.9576082e+03	   4.4448266e+02	  -1.0395817e+00	
   3.7710000e+05	   4.9728434e+03	   4.3771998e+02	  -1.0398705e+00	
   3.7800000e+05	   4.9891056e+03	   4.3136508e+02	  -1.0415180e+00	
   3.7890000e+05	   5.0085500e+03	   4.3306855e+02	  -1.0442345e+00	
   3.7980000e+05	   5.0305835e+03	   4.4328521e+02	  -1.0470292e+00	
   3.8070000e+05	   5.0512811e+03	   4.5717539e+02	  -1.0491805e+00	
   3.8160000e+05	   5.0689298e+03	   4.7154186e+02	  -1.0505292e+00	
   3.8250000e+05	   5.0835329e+03	   4.8432276e+02	  -1.0512817e+00	
   3.8340000e+05	   5.0941757e+03	   4.9398975e+02	  -1.0519700e+00	
   3.8430000e+05	   5.1002597e+03	   5.0065164e+02	  -1.0529810e+00	
   3.8520000e+05	   5.1026506e+03	   5.0478988e+02	  -1.0543369e+00	
   3.8610000e+05	   5.1026836e+03	   5.0472421e+02	  -1.0561146e+00	
   3.8700000e+05	   5.1023752e+03	   5.0224395e+02	  -1.0583676e+00	
   3.8790000e+05	   5.1031658e+03	   5.0297142e+02	  -1.0605199e+00	
   3.8880000e+05	   5.1034525e+03	   5.0705377e+02	  -1.0616912e+00	
   3.8970000e+05	   5.1008851e+03	   5.1088563e+02	  -1.0621046e+00	
   3.9060000e+05	   5.0949081e+03	   5.1133983e+02	  -1.0626613e+00	
   3.9150000e+05	   5.0862518e+03	   5.0625759e+02	  -1.0634630e+00	
   3.9240000e+05	   5.0797367e+03	   5.0121944e+02	  -1.0641294e+00	
   3.9330000e+05	   5.0813278e+03	   5.0566727e+02	  -1.0643818e+00	
   3.9420000e+05	   5.0873094e+03	   5.1900760e+02	  -1.0641150e+00	
   3.9510000e+05	   5.0915826e+03	   5.3423242e+02	  -1.0634083e+00	
   3.9600000e+05	   5.0967782e+03	   5.4695930e+02	  -1.0624734e+00	
   3.9690000e+05	   5.1067185e+03	   5.5516530e+02	  -1.0617715e+00	
   3.9780000e+05	   5.1205045e+03	   5.5984828e+02	  -1.0619724e+00	
   3.9870000e+05	   5.1334234e+03	   5.6465266e+02	  -1.0636665e+00	
   3.9960000e+05	   5.1403817e+03	   5.7286906e+02	  -1.0667707e+00	
   4.0050000e+05	   5.1416778e+03	   5.8601041e+02	  -1.0705233e+00	
   4.0140000e+05	   5.1409267e+03	   6.0232604e+02	  -1.0744384e+00	
   4.0230000e+05	   5.1388038e+03	   6.1822653e+02	  -1.0789136e+00	
   4.0320000e+05	   5.1341105e+03	   6.3253039e+02	  -1.0843084e+00	
   4.0410000e+05	   5.1260127e+03	   6.4643560e+02	  -1.0898798e+00	
   4.0500000e+05	   5.1133304e+03	   6.5691369e+02	  -1.0948189e+00	
   4.0590000e+05	   5.0951452e+03	   6.5748905e+02	  -1.0994572e+00	
   4.0680000e+05	   5.0714742e+03	   6.5223843e+02	  -1.1039960e+00	
   4.0770000e+05	   5.0425649e+03	   6.5165205e+02	  -1.1079461e+00	
   4.0860000e+05	   5.0118865e+03	   6.5585158e+02	  -1.1110007e+00	
   4.0950000e+05	   4.9856157e+03	   6.5874083e+02	  -1.1131064e+00	
   4.1040000e+05	   4.9669914e+03	   6.5955125e+02	  -1.1144195e+00	
   4.1130000e+05	   4.9557889e+03	   6.6074302e+02	  -1.1149300e+00	
   4.1220000e+05	   4.9492826e+03	   6.6013258e+02	  -1.1146417e+00	
   4.1310000e+05	   4.9435666e+03	   6.5269657e+02	  -1.1136605e+00	
   4.1400000e+05	   4.9359729e+03	   6.3892852e+02	  -1.1115777e+00	
   4.1490000e+05	   4.9249579e+03	   6.2346785e+02	  -1.1078681e+00	
   4.1580000e+05	   4.9104593e+03	   6.1077839e+02	  -1.1027662e+00	
   4.1670000e+05	   4.8955059e+03	   6.0293343e+02	  -1.0975216e+00	
   4.1760000e+05	   4.8826266e+03	   5.9733230e+02	  -1.0932904e+00	
   4.1850000e+05	   4.8712314e+03	   5.9096900e+02	  -1.0899026e+00	
   4.1940000e+05	   4.8627798e+03	   5.8387771e+02	  -1.0865050e+00	
   4.2030000e+05	   4.8612141e+03	   5.7696386e+02	  -1.0824953e+00	
   4.2120000e+05	   4.8669306e+03	   5.7026388e+02	  -1.0780493e+00	
   4.2210000e+05	   4.8765216e+03	   5.6371684e+02	  -1.0736047e+00	
   4.2300000e+05	   4.8868520e+03	   5.5756529e+02	  -1.0695146e+00	
   4.2390000e+05	   4.8971437e+03	   5.5192547e+02	  -1.0663993e+00	
   4.2480000e+05	   4.9104181e+03	   5.4817221e+02	  -1.0645633e+00	
   4.2570000e+05	   4.9303731e+03	   5.4780579e+02	  -1.0638588e+00	
   4.2660000e+05	   4.9567747e+03	   5.4819279e+02	  -1.0639723e+00	
   4.2750000e+05	   4.9872607e+03	   5.4626842e+02	  -1.0644990e+00	
   4.2840000e+05	   5.0178582e+03	   5.4287324e+02	  -1.0652505e+00	
   4.2930000e+05	   5.0444930e+03	   5.3890999e+02	  -1.0661503e+00	
   4.3020000e+05	   5.0672486e+03	   5.3356476e+02	  -1.0668576e+00	
   4.3110000e+05	   5.0884934e+03	   5.2677925e+02	  -1.0672352e+00	
   4.3200000e+05	   5.1069532e+03	   5.1833646e+02	  -1.0676568e+00	
   4.3290000e+05	   5.1197872e+03	   5.0663228e+02	  -1.0684456e+00	
   4.3380000e+05	   5.1282264e+03	   4.9375385e+02	  -1.0696185e+00	
   4.3470000e+05	   5.1344102e+03	   4.8471200e+02	  -1.0712600e+00	
   4.3560000e+05	   5.1380107e+03	   4.8057506e+02	  -1.0735591e+00	
   4.3650000e+05	   5.1389599e+03	   4.8036064e+02	  -1.0759674e+00	
   4.3740000e+05	   5.1376722e+03	   4.8216111e+02	  -1.0773540e+00	
   4.3830000e+05	   5.1338311e+03	   4.8276843e+02	  -1.0771410e+00	
   4.3920000e+05	   5.1281132e+03	   4.8095921e+02	  -1.0751794e+00	
   4.4010000e+05	   5.1219030e+03	   4.7611910e+02	  -1.0719724e+00	
   4.4100000e+05	   5.1150262e+03	   4.6792256e+02	  -1.0688451e+00	
   4.4190000e+05	   5.1068359e+03	   4.5777472e+02	  -1.0664523e+00	
   4.4280000e+05	   5.0980962e+03	   4.4762942e+02	  -1.0643887e+00	
   4.4370000e+05	   5.0897015e+03	   4.3984080e+02	  -1.0619724e+00	
   4.4460000e+05	   5.0827114e+03	   4.3868616e+02	  -1.0593081e+00	
   4.4550000e+05	   5.0786451e+03	   4.4638129e+02	  -1.0570889e+00	
   4.4640000e+05	   5.0780221e+03	   4.5789417e+02	  -1.0546810e+00	
   4.4730000e+05	   5.0807948e+03	   4.6721207e+02	  -1.0508846e+00	
   4.4820000e+05	   5.0870207e+03	   4.7320049e+02	  -1.0459700e+00	
   4.4910000e+05	   5.0979570e+03	   4.7672680e+02	  -1.0408471e+00	
   4.5000000e+05	   5.1153344e+03	   4.7854141e+02	  -1.0363199e+00	
   4.5090000e+05	   5.1371714e+03	   4.7944338e+02	  -1.0329800e+00	
   4.5180000e+05	   5.1594844e+03	   4.8106605e+02	  -1.0309600e+00	
   4.5270000e+05	   5.1814404e+03	   4.8479734e+02	  -1.0300892e+00	
   4.5360000e+05	   5.2034704e+03	   4.8908274e+02	  -1.0298564e+00	
   4.5450000e+05	   5.2243046e+03	   4.9086719e+02	  -1.0303536e+00	
   4.5540000e+05	   5.2442070e+03	   4.8792994e+02	  -1.0324297e+00	
   4.5630000e+05	   5.2650043e+03	   4.8171120e+02	  -1.0360725e+00	
   4.5720000e+05	   5.2841278e+03	   4.7659650e+02	  -1.0401807e+00	
   4.5810000e+05	   5.2981152e+03	   4.7297661e+02	  -1.0439852e+00	
   4.5900000e+05	   5.3094313e+03	   4.6608140e+02	  -1.0476421e+00	
   4.5990000e+05	   5.3204207e+03	   4.5375729e+02	  -1.0514199e+00	
   4.6080000e+05	   5.3289349e+03	   4.4000465e+02	  -1.0553033e+00	
   4.6170000e+05	   5.3346934e+03	   4.2820694e+02	  -1.0592080e+00	
   4.6260000e+05	   5.3395232e+03	   4.1756088e+02	  -1.0628542e+00	
   4.6350000e+05	   5.3428747e+03	   4.0952536e+02	  -1.0657826e+00	
   4.6440000e+05	   5.3446170e+03	   4.0934309e+02	  -1.0675629e+00	
   4.6530000e+05	   5.3455069e+03	   4.1770112e+02	  -1.0682322e+00	
   4.6620000e+05	   5.3443112e+03	   4.2953386e+02	  -1.0684044e+00	
   4.6710000e+05	   5.3386333e+03	   4.4017854e+02	  -1.0685556e+00	
   4.6800000e+05	   5.3255273e+03	   4.4846748e+02	  -1.0691960e+00	
   4.6890000e+05	   5.3042407e+03	   4.5337578e+02	  -1.0710941e+00	
   4.6980000e+05	   5.2788619e+03	   4.5277737e+02	  -1.0741716e+00	
   4.7070000e+05	   5.2526355e+03	   4.4794233e+02	  -1.0775689e+00	
   4.7160000e+05	   5.2256023e+03	   4.4146230e+02	  -1.0809685e+00	
   4.7250000e+05	   5.1977754e+03	   4.3394468e+02	  -1.0844853e+00	
   4.7340000e+05	   5.1673650e+03	   4.2509593e+02	  -1.0880707e+00	
   4.7430000e+05	   5.1314774e+03	   4.1416073e+02	  -1.0915645e+00	
   4.7520000e+05	   5.0924685e+03	   4.0019522e+02	  -1.0944307e+00	
   4.7610000e+05	   5.0552707e+03	   3.8454278e+02	  -1.0960328e+00	
   4.7700000e+05	   5.0201021e+03	   3.7214765e+02	  -1.0966631e+00	
   4.7790000e+05	   4.9849676e+03	   3.6549224e+02	  -1.0972047e+00	
   4.7880000e+05	   4.9487104e+03	   3.6148397e+02	  -1.0974625e+00	
   4.7970000e+05	   4.9078097e+03	   3.5683292e+02	  -1.0963964e+00	
   4.8060000e+05	   4.8592442e+03	   3.5241108e+02	  -1.0938109e+00	
   4.8150000e+05	   4.8069076e+03	   3.5142568e+02	  -1.0901057e+00	
   4.8240000e+05	   4.7579479e+03	   3.5500740e+02	  -1.0853163e+00	
   4.8330000e+05	   4.7134336e+03	   3.6252979e+02	  -1.0791994e+00	
   4.8420000e+05	   4.6707436e+03	   3.7583959e+02	  -1.0718825e+00	
   4.8510000e+05	   4.6306585e+03	   3.9479099e+02	  -1.0641078e+00	
   4.8600000e+05	   4.5960700e+03	   4.1553396e+02	  -1.0567867e+00	
   4.8690000e+05	   4.5702512e+03	   4.3657351e+02	  -1.0501450e+00	
   4.8780000e+05	   4.5535690e+03	   4.5590209e+02	  -1.0434951e+00	
   4.8870000e+05	   4.5418520e+03	   4.6964158e+02	  -1.0362976e+00	
   4.8960000e+05	   4.5326199e+03	   4.7894246e+02	  -1.0289593e+00	
   4.9050000e+05	   4.5273715e+03	   4.8758458e+02	  -1.0218210e+00	
   4.9140000e+05	   4.5261092e+03	   4.9426830e+02	  -1.0145997e+00	
   4.9230000e+05	   4.5291870e+03	   4.9502690e+02	  -1.0076284e+00	
   4.9320000e+05	   4.5394653e+03	   4.9211571e+02	  -1.0025827e+00	
   4.9410000e+05	   4.5546094e+03	   4.9139987e+02	  -1.0002402e+00	
   4.9500000e+05	   4.5680803e+03	   4.9350557e+02	  -9.9951142e-01	
   4.9590000e+05	   4.5784791e+03	   4.9760532e+02	  -9.9946172e-01	
   4.9680000e+05	   4.5880126e+03	   5.0549803e+02	  -9.9954404e-01	
   4.9770000e+05	   4.5970688e+03	   5.1682284e+02	  -9.9970068e-01	
   4.9860000e+05	   4.6057391e+03	   5.2816859e+02	  -1.0005476e+00	
   4.9950000e+05	   4.6140872e+03	   5.3711940e+02	  -1.0019132e+00	
   5.0040000e+05	   4.6190245e+03	   5.4407750e+02	  -1.0033257e+00	
   5.0130000e+05	   4.6185552e+03	   5.5045513e+02	  -1.0048993e+00	
   5.0220000e+05	   4.6153932e+03	   5.5663077e+02	  -1.0066354e+00	
   5.0310000e+05	   4.6115795e+03	   5.6245811e+02	  -1.0083492e+00	
   5.0400000e+05	   4.6073676e+03	   5.6812133e+02	  -1.0099508e+00	
   5.0490000e+05	   4.6028988e+03	   5.7397695e+02	  -1.0113868e+00	
   5.0580000e+05	   4.5972958e+03	   5.8012831e+02	  -1.0125525e+00	
   5.0670000e+05	   4.5895138e+03	   5.8625797e+02	  -1.0133818e+00	
   5.0760000e+05	   4.5795571e+03	   5.9220262e+02	  -1.0141147e+00	
   5.0850000e+05	   4.5678112e+03	   5.9807025e+02	  -1.0151404e+00	
   5.0940000e+05	   4.5546746e+03	   6.0378177e+02	  -1.0166333e+00	
   5.1030000e+05	   4.5405974e+03	   6.0909411e+02	  -1.0186158e+00	
   5.1120000e+05	   4.5260295e+03	   6.1373011e+02	  -1.0211104e+00	
   5.1210000e+05	   4.5113959e+03	   6.1738171e+02	  -1.0241450e+00	
   5.1300000e+05	   4.4967564e+03	   6.1983221e+02	  -1.0277942e+00	
   5.1390000e+05	   4.4816269e+03	   6.2080925e+02	  -1.0321312e+00	
   5.1480000e+05	   4.4652951e+03	   6.2005473e+02	  -1.0371899e+00	
   5.1570000e+05	   4.4460670e+03	   6.1869510e+02	  -1.0426377e+00	
   5.1660000e+05	   4.4214170e+03	   6.1888044e+02	  -1.0478474e+00	
   5.1750000e+05	   4.3914972e+03	   6.2070752e+02	  -1.0529523e+00	
   5.1840000e+05	   4.3592577e+03	   6.2254849e+02	  -1.0586899e+00	
   5.1930000e+05	   4.3265498e+03	   6.2391396e+02	  -1.0653472e+00	
   5.2020000e+05	   4.2935327e+03	   6.2531325e+02	  -1.0727100e+00	
   5.2110000e+05	   4.2601481e+03	   6.2720603e+02	  -1.0804926e+00	
   5.2200000e+05	   4.2263966e+03	   6.3006004e+02	  -1.0884299e+00	
   5.2290000e+05	   4.1923216e+03	   6.3432688e+02	  -1.0962716e+00	
   5.2380000e+05	   4.1579177e+03	   6.4039449e+02	  -1.1037671e+00	
   5.2470000e+05	   4.1229518e+03	   6.4832357e+02	  -1.1107979e+00	
   5.2560000e+05	   4.0870969e+03	   6.5789763e+02	  -1.1173719e+00	
   5.2650000e+05	   4.0502256e+03	   6.6884284e+02	  -1.1235084e+00	
   5.2740000e+05	   4.0123300e+03	   6.8085231e+02	  -1.1292453e+00	
   5.2830000e+05	   3.9734099e+03	   6.9361914e+02	  -1.1346299e+00	
   5.2920000e+05	   3.9334720e+03	   7.0684099e+02	  -1.1397096e+00	
   5.3010000e+05	   3.8925282e+03	   7.2021856e+02	  -1.1445323e+00	
   5.3100000e+05	   3.8505954e+03	   7.3345438e+02	  -1.1491468e+00	
   5.3190000e+05	   3.8077174e+03	   7.4624415e+02	  -1.1536039e+00	
   5.3280000e+05	   3.7639924e+03	   7.5826563e+02	  -1.1579586e+00	
   5.3370000e+05	   3.7195287e+03	   7.6919217e+02	  -1.1622683e+00	
   5.3460000e+05	   3.6744353e+03	   7.7868809e+02	  -1.1665920e+00	
   5.3550000e+05	   3.6287942e+03	   7.8634321e+02	  -1.1709732e+00	
   5.3640000e+05	   3.5826727e+03	   7.9170213e+02	  -1.1754464e+00	
   5.3730000e+05	   3.5361403e+03	   7.9430481e+02	  -1.1800464e+00	
   5.3820000e+05	   3.4892696e+03	   7.9368566e+02	  -1.1848081e+00	
   5.3910000e+05	   3.4421512e+03	   7.8941079e+02	  -1.1897745e+00	
   5.4000000e+05	   3.3950935e+03	   7.8146325e+02	  -1.1950716e+00	
   5.4090000e+05	   3.3486530e+03	   7.7045392e+02	  -1.2006490e+00	
   5.4180000e+05	   3.3032432e+03	   7.5732440e+02	  -1.2062344e+00	
   5.4270000e+05	   3.2591001e+03	   7.4300999e+02	  -1.2115147e+00	
   5.4360000e+05	   3.2167237e+03	   7.2840831e+02	  -1.2161359e+00	
   5.4450000e+05	   3.1767295e+03	   7.1442788e+02	  -1.2197204e+00	
   5.4540000e+05	   3.1393266e+03	   7.0199641e+02	  -1.2219134e+00	
   5.4630000e+05	   3.1042743e+03	   6.9150406e+02	  -1.2227148e+00	
   5.4720000e+05	   3.0711405e+03	   6.8283733e+02	  -1.2224344e+00	
