   0.0000000e+00	   6.7232436e+02	   2.1472221e+02	   1.1044679e+00	
   9.0000000e+02	   6.8577105e+02	   2.0378540e+02	   1.1042866e+00	
   1.8000000e+03	   6.9510260e+02	   1.9568300e+02	   1.1105966e+00	
   2.7000000e+03	   7.0297187e+02	   1.9101133e+02	   1.1211319e+00	
   3.6000000e+03	   7.1242511e+02	   1.8998771e+02	   1.1327581e+00	
   4.5000000e+03	   7.2530756e+02	   1.9180845e+02	   1.1438066e+00	
   5.4000000e+03	   7.3912211e+02	   1.9409121e+02	   1.1514871e+00	
   6.3000000e+03	   7.5073264e+02	   1.9514639e+02	   1.1504188e+00	
   7.2000000e+03	   7.6043130e+02	   1.9700134e+02	   1.1421401e+00	
   8.1000000e+03	   7.7003072e+02	   2.0254732e+02	   1.1360995e+00	
   9.0000000e+03	   7.7980696e+02	   2.1103999e+02	   1.1386265e+00	
   9.9000000e+03	   7.9043184e+02	   2.2001577e+02	   1.1478888e+00	
   1.0800000e+04	   8.0353699e+02	   2.2783452e+02	   1.1591376e+00	
   1.1700000e+04	   8.1716224e+02	   2.3367790e+02	   1.1675560e+00	
   1.2600000e+04	   8.2409288e+02	   2.3755155e+02	   1.1689483e+00	
   1.3500000e+04	   8.2245155e+02	   2.3980582e+02	   1.1628909e+00	
   1.4400000e+04	   8.2012667e+02	   2.4169247e+02	   1.1552171e+00	
   1.5300000e+04	   8.2177926e+02	   2.4438192e+02	   1.1518466e+00	
   1.6200000e+04	   8.2917208e+02	   2.4628905e+02	   1.1514405e+00	
   1.7100000e+04	   8.4414118e+02	   2.4540393e+02	   1.1535264e+00	
   1.8000000e+04	   8.6198479e+02	   2.4270519e+02	   1.1627388e+00	
   1.8900000e+04	   8.7530746e+02	   2.3940765e+02	   1.1810201e+00	
   1.9800000e+04	   8.8079552e+02	   2.3450825e+02	   1.2056364e+00	
   2.0700000e+04	   8.8129568e+02	   2.2571559e+02	   1.2295442e+00	
   2.1600000e+04	   8.8358973e+02	   2.1098438e+02	   1.2442549e+00	
   2.2500000e+04	   8.9416192e+02	   1.9310707e+02	   1.2470550e+00	
   2.3400000e+04	   9.1718003e+02	   1.7695204e+02	   1.2394812e+00	
   2.4300000e+04	   9.5066482e+02	   1.6214962e+02	   1.2306583e+00	
   2.5200000e+04	   9.8731933e+02	   1.4709700e+02	   1.2343809e+00	
   2.6100000e+04	   1.0210669e+03	   1.3877773e+02	   1.2492359e+00	
   2.7000000e+04	   1.0480353e+03	   1.3964788e+02	   1.2592605e+00	
   2.7900000e+04	   1.0707897e+03	   1.4628810e+02	   1.2599509e+00	
   2.8800000e+04	   1.0948287e+03	   1.5320712e+02	   1.2616032e+00	
   2.9700000e+04	   1.1197545e+03	   1.5361650e+02	   1.2693191e+00	
   3.0600000e+04	   1.1454679e+03	   1.4813483e+02	   1.2782903e+00	
   3.1500000e+04	   1.1727748e+03	   1.4069010e+02	   1.2845014e+00	
   3.2400000e+04	   1.1989097e+03	   1.3398081e+02	   1.2904390e+00	
   3.3300000e+04	   1.2226803e+03	   1.2859076e+02	   1.2994293e+00	
   3.4200000e+04	   1.2457345e+03	   1.2489752e+02	   1.3105400e+00	
   3.5100000e+04	   1.2674054e+03	   1.2457222e+02	   1.3203153e+00	
   3.6000000e+04	   1.2862610e+03	   1.2725657e+02	   1.3254296e+00	
   3.6900000e+04	   1.3022945e+03	   1.3012786e+02	   1.3262898e+00	
   3.7800000e+04	   1.3166407e+03	   1.2981126e+02	   1.3271425e+00	
   3.8700000e+04	   1.3324929e+03	   1.2437976e+02	   1.3300083e+00	
   3.9600000e+04	   1.3533875e+03	   1.1594521e+02	   1.3337172e+00	
   4.0500000e+04	   1.3795248e+03	   1.0747096e+02	   1.3387573e+00	
   4.1400000e+04	   1.4075370e+03	   1.0034993e+02	   1.3479701e+00	
   4.2300000e+04	   1.4352720e+03	   9.6191516e+01	   1.3613136e+00	
   4.3200000e+04	   1.4636296e+03	   9.4979494e+01	   1.3749848e+00	
   4.4100000e+04	   1.4931459e+03	   9.4186077e+01	   1.3868744e+00	
   4.5000000e+04	   1.5234169e+03	   9.3421266e+01	   1.3967660e+00	
   4.5900000e+04	   1.5539533e+03	   9.5171445e+01	   1.4040080e+00	
   4.6800000e+04	   1.5829131e+03	   1.0004858e+02	   1.4080034e+00	
   4.7700000e+04	   1.6088569e+03	   1.0693695e+02	   1.4094218e+00	
   4.8600000e+04	   1.6326187e+03	   1.1476754e+02	   1.4103584e+00	
   4.9500000e+04	   1.6549314e+03	   1.2382437e+02	   1.4115431e+00	
   5.0400000e+04	   1.6756677e+03	   1.3433126e+02	   1.4121253e+00	
   5.1300000e+04	   1.6945936e+03	   1.4428890e+02	   1.4120250e+00	
   5.2200000e+04	   1.7117984e+03	   1.5129426e+02	   1.4123727e+00	
   5.3100000e+04	   1.7295251e+03	   1.5334954e+02	   1.4139023e+00	
   5.4000000e+04	   1.7529467e+03	   1.5264467e+02	   1.4148417e+00	
   5.4900000e+04	   1.7851774e+03	   1.5333776e+02	   1.4132289e+00	
   5.5800000e+04	   1.8236901e+03	   1.5632129e+02	   1.4098778e+00	
   5.6700000e+04	   1.8625770e+03	   1.6019928e+02	   1.4064284e+00	
   5.7600000e+04	   1.8959942e+03	   1.6324132e+02	   1.4043248e+00	
   5.8500000e+04	   1.9232696e+03	   1.6324916e+02	   1.4052727e+00	
   5.9400000e+04	   1.9494003e+03	   1.5931617e+02	   1.4086309e+00	
   6.0300000e+04	   1.9765129e+03	   1.5238517e+02	   1.4120430e+00	
   6.1200000e+04	   2.0020286e+03	   1.4471850e+02	   1.4151713e+00	
   6.2100000e+04	   2.0248142e+03	   1.3832436e+02	   1.4190720e+00	
   6.3000000e+04	   2.0447864e+03	   1.3487106e+02	   1.4242292e+00	
   6.3900000e+04	   2.0619307e+03	   1.3474141e+02	   1.4308130e+00	
   6.4800000e+04	   2.0789080e+03	   1.3597070e+02	   1.4392877e+00	
   6.5700000e+04	   2.0990948e+03	   1.3574187e+02	   1.4494475e+00	
   6.6600000e+04	   2.1239744e+03	   1.3474413e+02	   1.4580242e+00	
   6.7500000e+04	   2.1542743e+03	   1.3592265e+02	   1.4615632e+00	
   6.8400000e+04	   2.1906430e+03	   1.4147239e+02	   1.4613368e+00	
   6.9300000e+04	   2.2326201e+03	   1.5275280e+02	   1.4602127e+00	
   7.0200000e+04	   2.2773468e+03	   1.6596885e+02	   1.4588779e+00	
   7.1100000e+04	   2.3200260e+03	   1.7550597e+02	   1.4568648e+00	
   7.2000000e+04	   2.3570071e+03	   1.8320456e+02	   1.4543922e+00	
   7.2900000e+04	   2.3881856e+03	   1.9345464e+02	   1.4527667e+00	
   7.3800000e+04	   2.4120475e+03	   2.0428113e+02	   1.4520403e+00	
   7.4700000e+04	   2.4245299e+03	   2.1119989e+02	   1.4508382e+00	
   7.5600000e+04	   2.4274147e+03	   2.1534517e+02	   1.4498180e+00	
   7.6500000e+04	   2.4275139e+03	   2.2006491e+02	   1.4511689e+00	
   7.7400000e+04	   2.4296982e+03	   2.2597919e+02	   1.4559127e+00	
   7.8300000e+04	   2.4352874e+03	   2.3259015e+02	   1.4634741e+00	
   7.9200000e+04	   2.4442463e+03	   2.3951977e+02	   1.4724745e+00	
   8.0100000e+04	   2.4560879e+03	   2.4645479e+02	   1.4816757e+00	
   8.1000000e+04	   2.4700105e+03	   2.5318526e+02	   1.4901170e+00	
   8.1900000e+04	   2.4869919e+03	   2.5955292e+02	   1.4974356e+00	
   8.2800000e+04	   2.5088648e+03	   2.6529295e+02	   1.5034664e+00	
   8.3700000e+04	   2.5350748e+03	   2.6934475e+02	   1.5077444e+00	
   8.4600000e+04	   2.5641093e+03	   2.7179155e+02	   1.5107417e+00	
   8.5500000e+04	   2.5959060e+03	   2.7285302e+02	   1.5140951e+00	
   8.6400000e+04	   2.6311314e+03	   2.7183853e+02	   1.5197508e+00	
   8.7300000e+04	   2.6680464e+03	   2.6956846e+02	   1.5276553e+00	
   8.8200000e+04	   2.7005095e+03	   2.6902116e+02	   1.5359065e+00	
   8.9100000e+04	   2.7239344e+03	   2.7254833e+02	   1.5431938e+00	
   9.0000000e+04	   2.7408927e+03	   2.7953166e+02	   1.5492828e+00	
   9.0900000e+04	   2.7545654e+03	   2.8788672e+02	   1.5550126e+00	
   9.1800000e+04	   2.7617647e+03	   2.9565921e+02	   1.5622412e+00	
   9.2700000e+04	   2.7600434e+03	   3.0118468e+02	  -1.5689034e+00	
   9.3600000e+04	   2.7562165e+03	   3.0387875e+02	  -1.5546121e+00	
   9.4500000e+04	   2.7595765e+03	   3.0426953e+02	  -1.5381288e+00	
   9.5400000e+04	   2.7739783e+03	   3.0290647e+02	  -1.5229715e+00	
   9.6300000e+04	   2.7980795e+03	   3.0004469e+02	  -1.5111558e+00	
   9.7200000e+04	   2.8281719e+03	   2.9911394e+02	  -1.5025406e+00	
   9.8100000e+04	   2.8620770e+03	   3.0411252e+02	  -1.4951948e+00	
   9.9000000e+04	   2.9002495e+03	   3.1234687e+02	  -1.4859891e+00	
   9.9900000e+04	   2.9403409e+03	   3.1922773e+02	  -1.4753972e+00	
   1.0080000e+05	   2.9763079e+03	   3.2257518e+02	  -1.4668351e+00	
   1.0170000e+05	   3.0060199e+03	   3.2266643e+02	  -1.4598021e+00	
   1.0260000e+05	   3.0327195e+03	   3.1931325e+02	  -1.4510522e+00	
   1.0350000e+05	   3.0609647e+03	   3.1247546e+02	  -1.4403897e+00	
   1.0440000e+05	   3.0909033e+03	   3.0401389e+02	  -1.4298797e+00	
   1.0530000e+05	   3.1162807e+03	   2.9555199e+02	  -1.4208447e+00	
   1.0620000e+05	   3.1340490e+03	   2.8834413e+02	  -1.4136015e+00	
   1.0710000e+05	   3.1482475e+03	   2.8279650e+02	  -1.4076852e+00	
   1.0800000e+05	   3.1630520e+03	   2.7791391e+02	  -1.4023401e+00	
   1.0890000e+05	   3.1777010e+03	   2.7279944e+02	  -1.3972827e+00	
   1.0980000e+05	   3.1898817e+03	   2.6788629e+02	  -1.3927112e+00	
   1.1070000e+05	   3.1997150e+03	   2.6430362e+02	  -1.3889486e+00	
   1.1160000e+05	   3.2090294e+03	   2.6291019e+02	  -1.3861262e+00	
   1.1250000e+05	   3.2196179e+03	   2.6386544e+02	  -1.3841029e+00	
   1.1340000e+05	   3.2317910e+03	   2.6529951e+02	  -1.3825473e+00	
   1.1430000e+05	   3.2450606e+03	   2.6474563e+02	  -1.3809703e+00	
   1.1520000e+05	   3.2581955e+03	   2.6258707e+02	  -1.3784701e+00	
   1.1610000e+05	   3.2695316e+03	   2.6066829e+02	  -1.3746790e+00	
   1.1700000e+05	   3.2790883e+03	   2.6026418e+02	  -1.3704613e+00	
   1.1790000e+05	   3.2846425e+03	   2.6116023e+02	  -1.3663508e+00	
   1.1880000e+05	   3.2816354e+03	   2.6083690e+02	  -1.3611267e+00	
   1.1970000e+05	   3.2720264e+03	   2.5717306e+02	  -1.3534463e+00	
   1.2060000e+05	   3.2624039e+03	   2.5049758e+02	  -1.3441477e+00	
   1.2150000e+05	   3.2555506e+03	   2.4254877e+02	  -1.3350642e+00	
   1.2240000e+05	   3.2529733e+03	   2.3779513e+02	  -1.3270054e+00	
   1.2330000e+05	   3.2545957e+03	   2.3963685e+02	  -1.3197749e+00	
   1.2420000e+05	   3.2562184e+03	   2.4427220e+02	  -1.3130638e+00	
   1.2510000e+05	   3.2568692e+03	   2.4659696e+02	  -1.3067160e+00	
   1.2600000e+05	   3.2625066e+03	   2.4635413e+02	  -1.3004473e+00	
   1.2690000e+05	   3.2762791e+03	   2.4496180e+02	  -1.2941080e+00	
   1.2780000e+05	   3.2932622e+03	   2.4306808e+02	  -1.2878046e+00	
   1.2870000e+05	   3.3070374e+03	   2.4152365e+02	  -1.2814621e+00	
   1.2960000e+05	   3.3152626e+03	   2.4313543e+02	  -1.2746317e+00	
   1.3050000e+05	   3.3217540e+03	   2.4946985e+02	  -1.2671651e+00	
   1.3140000e+05	   3.3318597e+03	   2.5755075e+02	  -1.2598465e+00	
   1.3230000e+05	   3.3455051e+03	   2.6462403e+02	  -1.2536010e+00	
   1.3320000e+05	   3.3594311e+03	   2.7119622e+02	  -1.2486016e+00	
   1.3410000e+05	   3.3707777e+03	   2.7782230e+02	  -1.2441893e+00	
   1.3500000e+05	   3.3789797e+03	   2.8510508e+02	  -1.2386306e+00	
   1.3590000e+05	   3.3875305e+03	   2.9302270e+02	  -1.2303355e+00	
   1.3680000e+05	   3.4003337e+03	   2.9943179e+02	  -1.2198866e+00	
   1.3770000e+05	   3.4173218e+03	   3.0247302e+02	  -1.2087725e+00	
   1.3860000e+05	   3.4354398e+03	   3.0352846e+02	  -1.1977434e+00	
   1.3950000e+05	   3.4529464e+03	   3.0578247e+02	  -1.1870221e+00	
   1.4040000e+05	   3.4708192e+03	   3.1275484e+02	  -1.1754248e+00	
   1.4130000e+05	   3.4893708e+03	   3.2513542e+02	  -1.1614144e+00	
   1.4220000e+05	   3.5049875e+03	   3.3525124e+02	  -1.1477240e+00	
   1.4310000e+05	   3.5149419e+03	   3.3436082e+02	  -1.1385625e+00	
   1.4400000e+05	   3.5250580e+03	   3.2818271e+02	  -1.1325525e+00	
   1.4490000e+05	   3.5434539e+03	   3.2684595e+02	  -1.1260659e+00	
   1.4580000e+05	   3.5694064e+03	   3.3004795e+02	  -1.1187092e+00	
   1.4670000e+05	   3.5958902e+03	   3.3384186e+02	  -1.1116542e+00	
   1.4760000e+05	   3.6186776e+03	   3.3807916e+02	  -1.1050548e+00	
   1.4850000e+05	   3.6388888e+03	   3.4394153e+02	  -1.0987463e+00	
   1.4940000e+05	   3.6588833e+03	   3.5147355e+02	  -1.0927395e+00	
   1.5030000e+05	   3.6782508e+03	   3.5951821e+02	  -1.0863399e+00	
   1.5120000e+05	   3.6952201e+03	   3.6721775e+02	  -1.0789001e+00	
   1.5210000e+05	   3.7089705e+03	   3.7498018e+02	  -1.0706677e+00	
   1.5300000e+05	   3.7189927e+03	   3.8199435e+02	  -1.0619112e+00	
   1.5390000e+05	   3.7277720e+03	   3.8591090e+02	  -1.0526859e+00	
   1.5480000e+05	   3.7405563e+03	   3.8616401e+02	  -1.0433526e+00	
   1.5570000e+05	   3.7576530e+03	   3.8454607e+02	  -1.0343129e+00	
   1.5660000e+05	   3.7749373e+03	   3.8280471e+02	  -1.0257917e+00	
   1.5750000e+05	   3.7913275e+03	   3.8196688e+02	  -1.0182410e+00	
   1.5840000e+05	   3.8090658e+03	   3.8284915e+02	  -1.0124164e+00	
   1.5930000e+05	   3.8284570e+03	   3.8438234e+02	  -1.0079544e+00	
   1.6020000e+05	   3.8474509e+03	   3.8473248e+02	  -1.0033035e+00	
   1.6110000e+05	   3.8665210e+03	   3.8303594e+02	  -9.9756962e-01	
   1.6200000e+05	   3.8872926e+03	   3.7907381e+02	  -9.9103642e-01	
   1.6290000e+05	   3.9082968e+03	   3.7363482e+02	  -9.8486209e-01	
   1.6380000e+05	   3.9272123e+03	   3.6592714e+02	  -9.8001198e-01	
   1.6470000e+05	   3.9435368e+03	   3.5434213e+02	  -9.7613759e-01	
   1.6560000e+05	   3.9574921e+03	   3.4224503e+02	  -9.7244666e-01	
   1.6650000e+05	   3.9698225e+03	   3.3575034e+02	  -9.6914467e-01	
   1.6740000e+05	   3.9830534e+03	   3.3538079e+02	  -9.6671386e-01	
   1.6830000e+05	   3.9988040e+03	   3.3612313e+02	  -9.6429424e-01	
   1.6920000e+05	   4.0171116e+03	   3.3597242e+02	  -9.6108756e-01	
   1.7010000e+05	   4.0381864e+03	   3.3748775e+02	  -9.5784579e-01	
   1.7100000e+05	   4.0593643e+03	   3.4038724e+02	  -9.5517765e-01	
   1.7190000e+05	   4.0772905e+03	   3.4181648e+02	  -9.5278419e-01	
   1.7280000e+05	   4.0921749e+03	   3.4030608e+02	  -9.5049810e-01	
   1.7370000e+05	   4.1056111e+03	   3.3454268e+02	  -9.4855951e-01	
   1.7460000e+05	   4.1184321e+03	   3.2539366e+02	  -9.4705224e-01	
   1.7550000e+05	   4.1301293e+03	   3.1595348e+02	  -9.4607593e-01	
   1.7640000e+05	   4.1402516e+03	   3.0762713e+02	  -9.4626117e-01	
   1.7730000e+05	   4.1487188e+03	   3.0026307e+02	  -9.4749377e-01	
   1.7820000e+05	   4.1545694e+03	   2.9367808e+02	  -9.4853141e-01	
   1.7910000e+05	   4.1590393e+03	   2.8657276e+02	  -9.4898265e-01	
   1.8000000e+05	   4.1649652e+03	   2.7956218e+02	  -9.4921373e-01	
   1.8090000e+05	   4.1718616e+03	   2.7378334e+02	  -9.4888433e-01	
   1.8180000e+05	   4.1785654e+03	   2.6889312e+02	  -9.4768885e-01	
   1.8270000e+05	   4.1830836e+03	   2.6445509e+02	  -9.4634254e-01	
   1.8360000e+05	   4.1815271e+03	   2.6180289e+02	  -9.4604576e-01	
   1.8450000e+05	   4.1747281e+03	   2.6260501e+02	  -9.4624327e-01	
   1.8540000e+05	   4.1667889e+03	   2.6579939e+02	  -9.4490639e-01	
   1.8630000e+05	   4.1599726e+03	   2.6585241e+02	  -9.4136323e-01	
   1.8720000e+05	   4.1557810e+03	   2.6039606e+02	  -9.3660931e-01	
   1.8810000e+05	   4.1559057e+03	   2.5187431e+02	  -9.3172230e-01	
   1.8900000e+05	   4.1614646e+03	   2.4233193e+02	  -9.2740351e-01	
   1.8990000e+05	   4.1713990e+03	   2.3189013e+02	  -9.2340387e-01	
   1.9080000e+05	   4.1837351e+03	   2.2317979e+02	  -9.1845065e-01	
   1.9170000e+05	   4.1989015e+03	   2.1936661e+02	  -9.1288109e-01	
   1.9260000e+05	   4.2174346e+03	   2.1821244e+02	  -9.0876843e-01	
   1.9350000e+05	   4.2380755e+03	   2.1627998e+02	  -9.0633210e-01	
   1.9440000e+05	   4.2609129e+03	   2.1400239e+02	  -9.0358852e-01	
   1.9530000e+05	   4.2864013e+03	   2.1232553e+02	  -8.9926333e-01	
   1.9620000e+05	   4.3119488e+03	   2.1174362e+02	  -8.9448556e-01	
   1.9710000e+05	   4.3341088e+03	   2.1330390e+02	  -8.9154585e-01	
   1.9800000e+05	   4.3517105e+03	   2.1698670e+02	  -8.9119851e-01	
   1.9890000e+05	   4.3653277e+03	   2.2274112e+02	  -8.9237357e-01	
   1.9980000e+05	   4.3763450e+03	   2.3010891e+02	  -8.9346055e-01	
   2.0070000e+05	   4.3855443e+03	   2.3679034e+02	  -8.9339415e-01	
   2.0160000e+05	   4.3910035e+03	   2.4146301e+02	  -8.9241533e-01	
   2.0250000e+05	   4.3915186e+03	   2.4468045e+02	  -8.9121730e-01	
   2.0340000e+05	   4.3903171e+03	   2.4849907e+02	  -8.8996978e-01	
   2.0430000e+05	   4.3901132e+03	   2.5470526e+02	  -8.8907100e-01	
   2.0520000e+05	   4.3893554e+03	   2.6121766e+02	  -8.8879551e-01	
   2.0610000e+05	   4.3864541e+03	   2.6462272e+02	  -8.8870448e-01	
   2.0700000e+05	   4.3844160e+03	   2.6585451e+02	  -8.8883138e-01	
   2.0790000e+05	   4.3867462e+03	   2.6750778e+02	  -8.8948963e-01	
   2.0880000e+05	   4.3932224e+03	   2.6878494e+02	  -8.8989757e-01	
   2.0970000e+05	   4.4024692e+03	   2.6724832e+02	  -8.8916409e-01	
   2.1060000e+05	   4.4154444e+03	   2.6347321e+02	  -8.8782105e-01	
   2.1150000e+05	   4.4340305e+03	   2.5982585e+02	  -8.8653418e-01	
   2.1240000e+05	   4.4558610e+03	   2.6040860e+02	  -8.8534346e-01	
   2.1330000e+05	   4.4781776e+03	   2.6839502e+02	  -8.8430762e-01	
   2.1420000e+05	   4.5033212e+03	   2.7852371e+02	  -8.8358316e-01	
   2.1510000e+05	   4.5335985e+03	   2.8377039e+02	  -8.8329254e-01	
   2.1600000e+05	   4.5673831e+03	   2.8405500e+02	  -8.8349625e-01	
   2.1690000e+05	   4.6014238e+03	   2.8269073e+02	  -8.8405036e-01	
   2.1780000e+05	   4.6353463e+03	   2.8227894e+02	  -8.8444667e-01	
   2.1870000e+05	   4.6715757e+03	   2.8356979e+02	  -8.8449266e-01	
   2.1960000e+05	   4.7102450e+03	   2.8707146e+02	  -8.8493052e-01	
   2.2050000e+05	   4.7493269e+03	   2.9284934e+02	  -8.8672577e-01	
   2.2140000e+05	   4.7876110e+03	   2.9867775e+02	  -8.9007407e-01	
   2.2230000e+05	   4.8228569e+03	   3.0273344e+02	  -8.9433720e-01	
   2.2320000e+05	   4.8515310e+03	   3.0568683e+02	  -8.9900461e-01	
   2.2410000e+05	   4.8732989e+03	   3.0879564e+02	  -9.0401081e-01	
   2.2500000e+05	   4.8911647e+03	   3.1266700e+02	  -9.0915153e-01	
   2.2590000e+05	   4.9071696e+03	   3.1751915e+02	  -9.1421830e-01	
   2.2680000e+05	   4.9205690e+03	   3.2376088e+02	  -9.1928575e-01	
   2.2770000e+05	   4.9293056e+03	   3.3179645e+02	  -9.2467736e-01	
   2.2860000e+05	   4.9318056e+03	   3.4223546e+02	  -9.3075913e-01	
   2.2950000e+05	   4.9279739e+03	   3.5581763e+02	  -9.3780810e-01	
   2.3040000e+05	   4.9214483e+03	   3.6818046e+02	  -9.4589054e-01	
   2.3130000e+05	   4.9167096e+03	   3.7171308e+02	  -9.5440665e-01	
   2.3220000e+05	   4.9115820e+03	   3.6962273e+02	  -9.6247404e-01	
   2.3310000e+05	   4.9011191e+03	   3.7104372e+02	  -9.6961625e-01	
   2.3400000e+05	   4.8858534e+03	   3.7796007e+02	  -9.7556496e-01	
   2.3490000e+05	   4.8679790e+03	   3.8875770e+02	  -9.8038945e-01	
   2.3580000e+05	   4.8488136e+03	   4.0235878e+02	  -9.8454623e-01	
   2.3670000e+05	   4.8316976e+03	   4.1668525e+02	  -9.8870097e-01	
   2.3760000e+05	   4.8185295e+03	   4.3001396e+02	  -9.9344651e-01	
   2.3850000e+05	   4.8074323e+03	   4.4298338e+02	  -9.9899114e-01	
   2.3940000e+05	   4.7978262e+03	   4.5552391e+02	  -1.0049619e+00	
   2.4030000e+05	   4.7909987e+03	   4.6533995e+02	  -1.0105171e+00	
   2.4120000e+05	   4.7872833e+03	   4.7091789e+02	  -1.0152259e+00	
   2.4210000e+05	   4.7872933e+03	   4.7300304e+02	  -1.0191592e+00	
   2.4300000e+05	   4.7913564e+03	   4.7464027e+02	  -1.0225187e+00	
   2.4390000e+05	   4.7984031e+03	   4.7863389e+02	  -1.0256420e+00	
   2.4480000e+05	   4.8078076e+03	   4.8454007e+02	  -1.0287899e+00	
   2.4570000e+05	   4.8202260e+03	   4.9102397e+02	  -1.0318433e+00	
   2.4660000e+05	   4.8364830e+03	   4.9989912e+02	  -1.0343801e+00	
   2.4750000e+05	   4.8561553e+03	   5.1288993e+02	  -1.0363278e+00	
   2.4840000e+05	   4.8766356e+03	   5.2739490e+02	  -1.0383650e+00	
   2.4930000e+05	   4.8964403e+03	   5.4049737e+02	  -1.0412388e+00	
   2.5020000e+05	   4.9168112e+03	   5.5220786e+02	  -1.0451060e+00	
   2.5110000e+05	   4.9381903e+03	   5.6304308e+02	  -1.0497089e+00	
   2.5200000e+05	   4.9590672e+03	   5.7303730e+02	  -1.0546679e+00	
   2.5290000e+05	   4.9767846e+03	   5.8183524e+02	  -1.0597405e+00	
   2.5380000e+05	   4.9884882e+03	   5.8820925e+02	  -1.0650951e+00	
   2.5470000e+05	   4.9930145e+03	   5.9178923e+02	  -1.0709148e+00	
   2.5560000e+05	   4.9910826e+03	   5.9354136e+02	  -1.0769912e+00	
   2.5650000e+05	   4.9833942e+03	   5.9455300e+02	  -1.0830348e+00	
   2.5740000e+05	   4.9704001e+03	   5.9559791e+02	  -1.0888181e+00	
   2.5830000e+05	   4.9540872e+03	   5.9512681e+02	  -1.0943142e+00	
   2.5920000e+05	   4.9369446e+03	   5.9018408e+02	  -1.0996408e+00	
   2.6010000e+05	   4.9193256e+03	   5.8113975e+02	  -1.1046972e+00	
   2.6100000e+05	   4.9009475e+03	   5.7108930e+02	  -1.1093167e+00	
   2.6190000e+05	   4.8823706e+03	   5.6070134e+02	  -1.1135368e+00	
   2.6280000e+05	   4.8644830e+03	   5.4845866e+02	  -1.1175181e+00	
   2.6370000e+05	   4.8491147e+03	   5.3446636e+02	  -1.1211218e+00	
   2.6460000e+05	   4.8389760e+03	   5.2024600e+02	  -1.1239062e+00	
   2.6550000e+05	   4.8354929e+03	   5.0737897e+02	  -1.1255826e+00	
   2.6640000e+05	   4.8382827e+03	   4.9646460e+02	  -1.1264641e+00	
   2.6730000e+05	   4.8434928e+03	   4.8418445e+02	  -1.1278582e+00	
   2.6820000e+05	   4.8454565e+03	   4.6570732e+02	  -1.1310529e+00	
   2.6910000e+05	   4.8459666e+03	   4.4527349e+02	  -1.1348954e+00	
   2.7000000e+05	   4.8513438e+03	   4.3518469e+02	  -1.1366435e+00	
   2.7090000e+05	   4.8580246e+03	   4.3579445e+02	  -1.1366509e+00	
   2.7180000e+05	   4.8563823e+03	   4.3449350e+02	  -1.1388025e+00	
   2.7270000e+05	   4.8458351e+03	   4.2639295e+02	  -1.1445192e+00	
   2.7360000e+05	   4.8342190e+03	   4.1806387e+02	  -1.1507646e+00	
   2.7450000e+05	   4.8259691e+03	   4.1351408e+02	  -1.1552341e+00	
   2.7540000e+05	   4.8201942e+03	   4.1131926e+02	  -1.1581900e+00	
   2.7630000e+05	   4.8184750e+03	   4.1000963e+02	  -1.1600625e+00	
   2.7720000e+05	   4.8256181e+03	   4.1306034e+02	  -1.1612235e+00	
   2.7810000e+05	   4.8408473e+03	   4.2520544e+02	  -1.1621460e+00	
   2.7900000e+05	   4.8542994e+03	   4.4455434e+02	  -1.1627651e+00	
   2.7990000e+05	   4.8604733e+03	   4.6565125e+02	  -1.1628004e+00	
   2.8080000e+05	   4.8661394e+03	   4.8500333e+02	  -1.1622533e+00	
   2.8170000e+05	   4.8757126e+03	   5.0094239e+02	  -1.1612408e+00	
   2.8260000e+05	   4.8855916e+03	   5.1403469e+02	  -1.1601116e+00	
   2.8350000e+05	   4.8939871e+03	   5.2570034e+02	  -1.1593040e+00	
   2.8440000e+05	   4.9020741e+03	   5.3532533e+02	  -1.1591051e+00	
   2.8530000e+05	   4.9102976e+03	   5.4228642e+02	  -1.1595831e+00	
   2.8620000e+05	   4.9185001e+03	   5.4712622e+02	  -1.1601757e+00	
   2.8710000e+05	   4.9262021e+03	   5.4953504e+02	  -1.1604511e+00	
   2.8800000e+05	   4.9333361e+03	   5.5001356e+02	  -1.1607062e+00	
   2.8890000e+05	   4.9403196e+03	   5.5004919e+02	  -1.1610590e+00	
   2.8980000e+05	   4.9479514e+03	   5.5018640e+02	  -1.1613106e+00	
   2.9070000e+05	   4.9573653e+03	   5.5010750e+02	  -1.1615732e+00	
   2.9160000e+05	   4.9691133e+03	   5.4905758e+02	  -1.1620481e+00	
   2.9250000e+05	   4.9842086e+03	   5.4576899e+02	  -1.1628727e+00	
   2.9340000e+05	   4.9996589e+03	   5.4016032e+02	  -1.1643666e+00	
   2.9430000e+05	   5.0084942e+03	   5.3388670e+02	  -1.1667868e+00	
   2.9520000e+05	   5.0097235e+03	   5.2700205e+02	  -1.1699576e+00	
   2.9610000e+05	   5.0072217e+03	   5.1790256e+02	  -1.1736157e+00	
   2.9700000e+05	   5.0033876e+03	   5.0706634e+02	  -1.1779248e+00	
   2.9790000e+05	   4.9981446e+03	   4.9804764e+02	  -1.1827937e+00	
   2.9880000e+05	   4.9900455e+03	   4.9461634e+02	  -1.1875137e+00	
   2.9970000e+05	   4.9812654e+03	   4.9445843e+02	  -1.1917555e+00	
   3.0060000e+05	   4.9762356e+03	   4.9112746e+02	  -1.1956164e+00	
   3.0150000e+05	   4.9748533e+03	   4.8306014e+02	  -1.1989031e+00	
   3.0240000e+05	   4.9748617e+03	   4.7384562e+02	  -1.2015490e+00	
   3.0330000e+05	   4.9767793e+03	   4.6419873e+02	  -1.2035870e+00	
   3.0420000e+05	   4.9795984e+03	   4.4996148e+02	  -1.2042531e+00	
   3.0510000e+05	   4.9804875e+03	   4.3068543e+02	  -1.2034248e+00	
   3.0600000e+05	   4.9802552e+03	   4.1155128e+02	  -1.2024025e+00	
   3.0690000e+05	   4.9810629e+03	   3.9552321e+02	  -1.2017994e+00	
   3.0780000e+05	   4.9830313e+03	   3.8436900e+02	  -1.2014243e+00	
   3.0870000e+05	   4.9873606e+03	   3.7906729e+02	  -1.2014079e+00	
   3.0960000e+05	   4.9963970e+03	   3.7483660e+02	  -1.2021427e+00	
   3.1050000e+05	   5.0072930e+03	   3.6736066e+02	  -1.2041784e+00	
   3.1140000e+05	   5.0130748e+03	   3.5724426e+02	  -1.2071678e+00	
   3.1230000e+05	   5.0132817e+03	   3.4503595e+02	  -1.2094552e+00	
   3.1320000e+05	   5.0150703e+03	   3.3400375e+02	  -1.2106718e+00	
   3.1410000e+05	   5.0214954e+03	   3.2896244e+02	  -1.2121791e+00	
   3.1500000e+05	   5.0272198e+03	   3.2858321e+02	  -1.2139429e+00	
   3.1590000e+05	   5.0293422e+03	   3.2782733e+02	  -1.2147769e+00	
   3.1680000e+05	   5.0321412e+03	   3.2528660e+02	  -1.2144358e+00	
   3.1770000e+05	   5.0376939e+03	   3.2159386e+02	  -1.2133622e+00	
   3.1860000e+05	   5.0429132e+03	   3.1728745e+02	  -1.2121456e+00	
   3.1950000e+05	   5.0452306e+03	   3.1349149e+02	  -1.2111011e+00	
   3.2040000e+05	   5.0447953e+03	   3.1207412e+02	  -1.2103235e+00	
   3.2130000e+05	   5.0434898e+03	   3.1464325e+02	  -1.2100428e+00	
   3.2220000e+05	   5.0413967e+03	   3.1942988e+02	  -1.2101394e+00	
   3.2310000e+05	   5.0375183e+03	   3.2293548e+02	  -1.2102100e+00	
   3.2400000e+05	   5.0341838e+03	   3.2242191e+02	  -1.2100277e+00	
   3.2490000e+05	   5.0310267e+03	   3.1688603e+02	  -1.2096712e+00	
   3.2580000e+05	   5.0203867e+03	   3.1191542e+02	  -1.2093357e+00	
   3.2670000e+05	   4.9996934e+03	   3.1336641e+02	  -1.2090352e+00	
   3.2760000e+05	   4.9778920e+03	   3.1872344e+02	  -1.2086194e+00	
   3.2850000e+05	   4.9613337e+03	   3.2407632e+02	  -1.2079606e+00	
   3.2940000e+05	   4.9496913e+03	   3.2898461e+02	  -1.2063036e+00	
   3.3030000e+05	   4.9421011e+03	   3.3256083e+02	  -1.2026871e+00	
   3.3120000e+05	   4.9361089e+03	   3.3236871e+02	  -1.1981628e+00	
   3.3210000e+05	   4.9289562e+03	   3.2900667e+02	  -1.1944456e+00	
   3.3300000e+05	   4.9204922e+03	   3.2766069e+02	  -1.1907346e+00	
   3.3390000e+05	   4.9133570e+03	   3.2876001e+02	  -1.1855210e+00	
   3.3480000e+05	   4.9123704e+03	   3.2794283e+02	  -1.1795840e+00	
   3.3570000e+05	   4.9194455e+03	   3.2644282e+02	  -1.1744272e+00	
   3.3660000e+05	   4.9295010e+03	   3.2790199e+02	  -1.1699800e+00	
   3.3750000e+05	   4.9386798e+03	   3.3431120e+02	  -1.1653973e+00	
   3.3840000e+05	   4.9504389e+03	   3.4847507e+02	  -1.1604674e+00	
   3.3930000e+05	   4.9688534e+03	   3.7013499e+02	  -1.1554650e+00	
   3.4020000e+05	   4.9953184e+03	   3.9259247e+02	  -1.1504947e+00	
   3.4110000e+05	   5.0274254e+03	   4.1133803e+02	  -1.1457311e+00	
   3.4200000e+05	   5.0585715e+03	   4.2764419e+02	  -1.1417200e+00	
   3.4290000e+05	   5.0860560e+03	   4.4305610e+02	  -1.1385360e+00	
   3.4380000e+05	   5.1138770e+03	   4.5997774e+02	  -1.1355900e+00	
   3.4470000e+05	   5.1441877e+03	   4.7986061e+02	  -1.1330717e+00	
   3.4560000e+05	   5.1748769e+03	   4.9930092e+02	  -1.1322149e+00	
   3.4650000e+05	   5.2036351e+03	   5.1466018e+02	  -1.1331730e+00	
   3.4740000e+05	   5.2283373e+03	   5.2616086e+02	  -1.1349073e+00	
   3.4830000e+05	   5.2463915e+03	   5.3646461e+02	  -1.1375938e+00	
   3.4920000e+05	   5.2576095e+03	   5.4685619e+02	  -1.1417050e+00	
   3.5010000e+05	   5.2665163e+03	   5.5612204e+02	  -1.1461408e+00	
   3.5100000e+05	   5.2773388e+03	   5.6571343e+02	  -1.1495205e+00	
   3.5190000e+05	   5.2865003e+03	   5.7726200e+02	  -1.1519265e+00	
   3.5280000e+05	   5.2841693e+03	   5.8550435e+02	  -1.1537975e+00	
   3.5370000e+05	   5.2686282e+03	   5.8413782e+02	  -1.1547222e+00	
   3.5460000e+05	   5.2517357e+03	   5.7309059e+02	  -1.1545074e+00	
   3.5550000e+05	   5.2395535e+03	   5.5577188e+02	  -1.1534518e+00	
   3.5640000e+05	   5.2249802e+03	   5.3669300e+02	  -1.1517467e+00	
   3.5730000e+05	   5.2019207e+03	   5.1804068e+02	  -1.1495339e+00	
   3.5820000e+05	   5.1708299e+03	   5.0021378e+02	  -1.1467369e+00	
   3.5910000e+05	   5.1354472e+03	   4.8413636e+02	  -1.1433169e+00	
   3.6000000e+05	   5.1019221e+03	   4.7110061e+02	  -1.1394038e+00	
   3.6090000e+05	   5.0741666e+03	   4.6208253e+02	  -1.1349911e+00	
   3.6180000e+05	   5.0508512e+03	   4.5559651e+02	  -1.1300350e+00	
   3.6270000e+05	   5.0298078e+03	   4.4956859e+02	  -1.1244689e+00	
   3.6360000e+05	   5.0110406e+03	   4.4469993e+02	  -1.1182625e+00	
   3.6450000e+05	   4.9949989e+03	   4.4480140e+02	  -1.1113362e+00	
   3.6540000e+05	   4.9811310e+03	   4.5501081e+02	  -1.1034782e+00	
   3.6630000e+05	   4.9716579e+03	   4.7685664e+02	  -1.0946730e+00	
   3.6720000e+05	   4.9702290e+03	   5.0556351e+02	  -1.0851390e+00	
   3.6810000e+05	   4.9767499e+03	   5.3507759e+02	  -1.0753126e+00	
   3.6900000e+05	   4.9893129e+03	   5.5826596e+02	  -1.0658410e+00	
   3.6990000e+05	   5.0054672e+03	   5.6842832e+02	  -1.0570332e+00	
   3.7080000e+05	   5.0234044e+03	   5.6700942e+02	  -1.0486046e+00	
   3.7170000e+05	   5.0433220e+03	   5.6003850e+02	  -1.0405730e+00	
   3.7260000e+05	   5.0640002e+03	   5.5163615e+02	  -1.0336413e+00	
   3.7350000e+05	   5.0824786e+03	   5.4377052e+02	  -1.0282927e+00	
   3.7440000e+05	   5.0972357e+03	   5.3708985e+02	  -1.0247159e+00	
   3.7530000e+05	   5.1092600e+03	   5.3161595e+02	  -1.0229915e+00	
   3.7620000e+05	   5.1220088e+03	   5.2528325e+02	  -1.0226830e+00	
   3.7710000e+05	   5.1380697e+03	   5.1551740e+02	  -1.0235176e+00	
   3.7800000e+05	   5.1570309e+03	   5.0594231e+02	  -1.0256950e+00	
   3.7890000e+05	   5.1788045e+03	   5.0353599e+02	  -1.0289514e+00	
   3.7980000e+05	   5.2009689e+03	   5.0853340e+02	  -1.0323862e+00	
   3.8070000e+05	   5.2187978e+03	   5.1670760e+02	  -1.0353141e+00	
   3.8160000e+05	   5.2325468e+03	   5.2670874e+02	  -1.0373108e+00	
   3.8250000e+05	   5.2440487e+03	   5.3755332e+02	  -1.0383927e+00	
   3.8340000e+05	   5.2525419e+03	   5.4556247e+02	  -1.0393605e+00	
   3.8430000e+05	   5.2577958e+03	   5.4965366e+02	  -1.0406576e+00	
   3.8520000e+05	   5.2606088e+03	   5.5339079e+02	  -1.0418133e+00	
   3.8610000e+05	   5.2614338e+03	   5.5765797e+02	  -1.0426270e+00	
   3.8700000e+05	   5.2612205e+03	   5.6275371e+02	  -1.0435220e+00	
   3.8790000e+05	   5.2605120e+03	   5.7118200e+02	  -1.0444132e+00	
   3.8880000e+05	   5.2586459e+03	   5.8052653e+02	  -1.0447248e+00	
   3.8970000e+05	   5.2552471e+03	   5.8629138e+02	  -1.0447330e+00	
   3.9060000e+05	   5.2496647e+03	   5.8630135e+02	  -1.0452091e+00	
   3.9150000e+05	   5.2412148e+03	   5.7917642e+02	  -1.0461960e+00	
   3.9240000e+05	   5.2340390e+03	   5.6977102e+02	  -1.0475005e+00	
   3.9330000e+05	   5.2339950e+03	   5.6623224e+02	  -1.0491428e+00	
   3.9420000e+05	   5.2378564e+03	   5.6936276e+02	  -1.0507290e+00	
   3.9510000e+05	   5.2402849e+03	   5.7531988e+02	  -1.0516709e+00	
   3.9600000e+05	   5.2442144e+03	   5.8167270e+02	  -1.0518251e+00	
   3.9690000e+05	   5.2533469e+03	   5.8663952e+02	  -1.0516042e+00	
   3.9780000e+05	   5.2661523e+03	   5.8911571e+02	  -1.0520707e+00	
   3.9870000e+05	   5.2775343e+03	   5.9113142e+02	  -1.0541334e+00	
   3.9960000e+05	   5.2828072e+03	   5.9653439e+02	  -1.0576061e+00	
   4.0050000e+05	   5.2826655e+03	   6.0720290e+02	  -1.0617243e+00	
   4.0140000e+05	   5.2810460e+03	   6.2158527e+02	  -1.0659852e+00	
   4.0230000e+05	   5.2790752e+03	   6.3653987e+02	  -1.0705903e+00	
   4.0320000e+05	   5.2755964e+03	   6.5074149e+02	  -1.0758526e+00	
   4.0410000e+05	   5.2692769e+03	   6.6477553e+02	  -1.0811513e+00	
   4.0500000e+05	   5.2573769e+03	   6.7513805e+02	  -1.0858986e+00	
   4.0590000e+05	   5.2379460e+03	   6.7551554e+02	  -1.0905318e+00	
   4.0680000e+05	   5.2136045e+03	   6.7037457e+02	  -1.0950144e+00	
   4.0770000e+05	   5.1876291e+03	   6.7012515e+02	  -1.0986298e+00	
   4.0860000e+05	   5.1620573e+03	   6.7459195e+02	  -1.1011787e+00	
   4.0950000e+05	   5.1396398e+03	   6.7752415e+02	  -1.1028373e+00	
   4.1040000e+05	   5.1229794e+03	   6.7793776e+02	  -1.1039192e+00	
   4.1130000e+05	   5.1132958e+03	   6.7815697e+02	  -1.1045016e+00	
   4.1220000e+05	   5.1085874e+03	   6.7638205e+02	  -1.1045318e+00	
   4.1310000e+05	   5.1049953e+03	   6.6813422e+02	  -1.1039518e+00	
   4.1400000e+05	   5.0998590e+03	   6.5386301e+02	  -1.1022142e+00	
   4.1490000e+05	   5.0915207e+03	   6.3779920e+02	  -1.0987020e+00	
   4.1580000e+05	   5.0789393e+03	   6.2444583e+02	  -1.0935745e+00	
   4.1670000e+05	   5.0637084e+03	   6.1628277e+02	  -1.0880047e+00	
   4.1760000e+05	   5.0491410e+03	   6.1071521e+02	  -1.0831942e+00	
   4.1850000e+05	   5.0368047e+03	   6.0438666e+02	  -1.0791442e+00	
   4.1940000e+05	   5.0279134e+03	   5.9708680e+02	  -1.0753916e+00	
   4.2030000e+05	   5.0242905e+03	   5.8973280e+02	  -1.0718200e+00	
   4.2120000e+05	   5.0265616e+03	   5.8227960e+02	  -1.0685261e+00	
   4.2210000e+05	   5.0333799e+03	   5.7453064e+02	  -1.0654766e+00	
   4.2300000e+05	   5.0437626e+03	   5.6693671e+02	  -1.0625571e+00	
   4.2390000e+05	   5.0586885e+03	   5.6021678e+02	  -1.0599688e+00	
   4.2480000e+05	   5.0788837e+03	   5.5580610e+02	  -1.0581143e+00	
   4.2570000e+05	   5.1032914e+03	   5.5487720e+02	  -1.0572539e+00	
   4.2660000e+05	   5.1310682e+03	   5.5478516e+02	  -1.0572725e+00	
   4.2750000e+05	   5.1623501e+03	   5.5246947e+02	  -1.0578434e+00	
   4.2840000e+05	   5.1943516e+03	   5.4872403e+02	  -1.0587006e+00	
   4.2930000e+05	   5.2232154e+03	   5.4451249e+02	  -1.0595871e+00	
   4.3020000e+05	   5.2480286e+03	   5.3916570e+02	  -1.0601793e+00	
   4.3110000e+05	   5.2694668e+03	   5.3265257e+02	  -1.0605057e+00	
   4.3200000e+05	   5.2866927e+03	   5.2460020e+02	  -1.0609099e+00	
   4.3290000e+05	   5.2985660e+03	   5.1338176e+02	  -1.0615326e+00	
   4.3380000e+05	   5.3068828e+03	   5.0109303e+02	  -1.0624149e+00	
   4.3470000e+05	   5.3134870e+03	   4.9250706e+02	  -1.0638318e+00	
   4.3560000e+05	   5.3178726e+03	   4.8852812e+02	  -1.0661498e+00	
   4.3650000e+05	   5.3199112e+03	   4.8824893e+02	  -1.0689351e+00	
   4.3740000e+05	   5.3199421e+03	   4.8991842e+02	  -1.0707743e+00	
   4.3830000e+05	   5.3175815e+03	   4.9056810e+02	  -1.0706513e+00	
   4.3920000e+05	   5.3131772e+03	   4.8907896e+02	  -1.0684649e+00	
   4.4010000e+05	   5.3073007e+03	   4.8492061e+02	  -1.0650277e+00	
   4.4100000e+05	   5.2990928e+03	   4.7769338e+02	  -1.0617573e+00	
   4.4190000e+05	   5.2883754e+03	   4.6843996e+02	  -1.0592444e+00	
   4.4280000e+05	   5.2778204e+03	   4.5844658e+02	  -1.0571645e+00	
   4.4370000e+05	   5.2696075e+03	   4.4948917e+02	  -1.0549732e+00	
   4.4460000e+05	   5.2640464e+03	   4.4695515e+02	  -1.0525340e+00	
   4.4550000e+05	   5.2615854e+03	   4.5473729e+02	  -1.0502057e+00	
   4.4640000e+05	   5.2627184e+03	   4.6771502e+02	  -1.0474168e+00	
   4.4730000e+05	   5.2675099e+03	   4.7869830e+02	  -1.0432339e+00	
   4.4820000e+05	   5.2756918e+03	   4.8582403e+02	  -1.0381401e+00	
   4.4910000e+05	   5.2881563e+03	   4.8972836e+02	  -1.0331450e+00	
   4.5000000e+05	   5.3061238e+03	   4.9100341e+02	  -1.0290243e+00	
   4.5090000e+05	   5.3272757e+03	   4.9051494e+02	  -1.0262472e+00	
   4.5180000e+05	   5.3482918e+03	   4.8987434e+02	  -1.0249787e+00	
   4.5270000e+05	   5.3692772e+03	   4.9075530e+02	  -1.0251017e+00	
   4.5360000e+05	   5.3908028e+03	   4.9266364e+02	  -1.0257997e+00	
   4.5450000e+05	   5.4113226e+03	   4.9297836e+02	  -1.0268505e+00	
   4.5540000e+05	   5.4306777e+03	   4.8921965e+02	  -1.0290512e+00	
   4.5630000e+05	   5.4502814e+03	   4.8250384e+02	  -1.0324669e+00	
   4.5720000e+05	   5.4682675e+03	   4.7680451e+02	  -1.0362016e+00	
   4.5810000e+05	   5.4824397e+03	   4.7232540e+02	  -1.0396711e+00	
   4.5900000e+05	   5.4946428e+03	   4.6456689e+02	  -1.0429890e+00	
   4.5990000e+05	   5.5054889e+03	   4.5155106e+02	  -1.0463037e+00	
   4.6080000e+05	   5.5129543e+03	   4.3747008e+02	  -1.0496694e+00	
   4.6170000e+05	   5.5179956e+03	   4.2623756e+02	  -1.0531714e+00	
   4.6260000e+05	   5.5227403e+03	   4.1720095e+02	  -1.0565926e+00	
   4.6350000e+05	   5.5264742e+03	   4.1123583e+02	  -1.0594682e+00	
   4.6440000e+05	   5.5289522e+03	   4.1258521e+02	  -1.0613786e+00	
   4.6530000e+05	   5.5306285e+03	   4.2137187e+02	  -1.0623462e+00	
   4.6620000e+05	   5.5299243e+03	   4.3286554e+02	  -1.0629044e+00	
   4.6710000e+05	   5.5242138e+03	   4.4289934e+02	  -1.0634236e+00	
   4.6800000e+05	   5.5110019e+03	   4.5059526e+02	  -1.0641736e+00	
   4.6890000e+05	   5.4906061e+03	   4.5503984e+02	  -1.0656094e+00	
   4.6980000e+05	   5.4673115e+03	   4.5416234e+02	  -1.0678564e+00	
   4.7070000e+05	   5.4434776e+03	   4.4941991e+02	  -1.0706125e+00	
   4.7160000e+05	   5.4183281e+03	   4.4336866e+02	  -1.0736605e+00	
   4.7250000e+05	   5.3915513e+03	   4.3639885e+02	  -1.0768907e+00	
   4.7340000e+05	   5.3615653e+03	   4.2820529e+02	  -1.0801163e+00	
   4.7430000e+05	   5.3260590e+03	   4.1817888e+02	  -1.0831205e+00	
   4.7520000e+05	   5.2872564e+03	   4.0532596e+02	  -1.0855054e+00	
   4.7610000e+05	   5.2492603e+03	   3.9060412e+02	  -1.0868935e+00	
   4.7700000e+05	   5.2122403e+03	   3.7887833e+02	  -1.0874926e+00	
   4.7790000e+05	   5.1747423e+03	   3.7317863e+02	  -1.0878611e+00	
   4.7880000e+05	   5.1369139e+03	   3.7035303e+02	  -1.0878724e+00	
   4.7970000e+05	   5.0968978e+03	   3.6627560e+02	  -1.0868436e+00	
   4.8060000e+05	   5.0508539e+03	   3.6133182e+02	  -1.0845683e+00	
   4.8150000e+05	   5.0004247e+03	   3.5866903e+02	  -1.0811959e+00	
   4.8240000e+05	   4.9529170e+03	   3.5972854e+02	  -1.0767872e+00	
   4.8330000e+05	   4.9109903e+03	   3.6451518e+02	  -1.0713021e+00	
   4.8420000e+05	   4.8716699e+03	   3.7524305e+02	  -1.0647691e+00	
   4.8510000e+05	   4.8342278e+03	   3.9187771e+02	  -1.0575940e+00	
   4.8600000e+05	   4.8010802e+03	   4.1075022e+02	  -1.0505573e+00	
   4.8690000e+05	   4.7756517e+03	   4.3050542e+02	  -1.0439655e+00	
   4.8780000e+05	   4.7594237e+03	   4.4889268e+02	  -1.0373139e+00	
   4.8870000e+05	   4.7497074e+03	   4.6179843e+02	  -1.0302238e+00	
   4.8960000e+05	   4.7437405e+03	   4.7059196e+02	  -1.0230530e+00	
   4.9050000e+05	   4.7420557e+03	   4.7932557e+02	  -1.0160689e+00	
   4.9140000e+05	   4.7438556e+03	   4.8633433e+02	  -1.0090199e+00	
   4.9230000e+05	   4.7485102e+03	   4.8701265e+02	  -1.0021939e+00	
   4.9320000e+05	   4.7590744e+03	   4.8378664e+02	  -9.9718746e-01	
   4.9410000e+05	   4.7745966e+03	   4.8315157e+02	  -9.9476350e-01	
   4.9500000e+05	   4.7894158e+03	   4.8557688e+02	  -9.9383119e-01	
   4.9590000e+05	   4.8022065e+03	   4.8963835e+02	  -9.9345122e-01	
   4.9680000e+05	   4.8145964e+03	   4.9743839e+02	  -9.9330555e-01	
   4.9770000e+05	   4.8260023e+03	   5.0946560e+02	  -9.9367467e-01	
   4.9860000e+05	   4.8360573e+03	   5.2191059e+02	  -9.9513708e-01	
   4.9950000e+05	   4.8449881e+03	   5.3146569e+02	  -9.9730839e-01	
   5.0040000e+05	   4.8501158e+03	   5.3877730e+02	  -9.9962691e-01	
   5.0130000e+05	   4.8497837e+03	   5.4586481e+02	  -1.0021981e+00	
   5.0220000e+05	   4.8463244e+03	   5.5307651e+02	  -1.0050101e+00	
   5.0310000e+05	   4.8412138e+03	   5.6003132e+02	  -1.0078381e+00	
   5.0400000e+05	   4.8348502e+03	   5.6679241e+02	  -1.0105211e+00	
   5.0490000e+05	   4.8275134e+03	   5.7357059e+02	  -1.0128533e+00	
   5.0580000e+05	   4.8182665e+03	   5.8010119e+02	  -1.0144007e+00	
   5.0670000e+05	   4.8063417e+03	   5.8589283e+02	  -1.0149775e+00	
   5.0760000e+05	   4.7921373e+03	   5.9141650e+02	  -1.0153498e+00	
   5.0850000e+05	   4.7762232e+03	   5.9718546e+02	  -1.0163584e+00	
   5.0940000e+05	   4.7587510e+03	   6.0309672e+02	  -1.0181600e+00	
   5.1030000e+05	   4.7397263e+03	   6.0901893e+02	  -1.0207317e+00	
   5.1120000e+05	   4.7191617e+03	   6.1482930e+02	  -1.0240529e+00	
   5.1210000e+05	   4.6971446e+03	   6.2035174e+02	  -1.0281111e+00	
   5.1300000e+05	   4.6740397e+03	   6.2533455e+02	  -1.0329130e+00	
   5.1390000e+05	   4.6499806e+03	   6.2928858e+02	  -1.0384394e+00	
   5.1480000e+05	   4.6248537e+03	   6.3164702e+02	  -1.0446363e+00	
   5.1570000e+05	   4.5975565e+03	   6.3318093e+02	  -1.0511044e+00	
   5.1660000e+05	   4.5661369e+03	   6.3565251e+02	  -1.0571615e+00	
   5.1750000e+05	   4.5312031e+03	   6.3876369e+02	  -1.0628536e+00	
   5.1840000e+05	   4.4954875e+03	   6.4078245e+02	  -1.0688533e+00	
   5.1930000e+05	   4.4602821e+03	   6.4132107e+02	  -1.0754121e+00	
   5.2020000e+05	   4.4253834e+03	   6.4118273e+02	  -1.0823762e+00	
   5.2110000e+05	   4.3905186e+03	   6.4118722e+02	  -1.0895749e+00	
   5.2200000e+05	   4.3553963e+03	   6.4209134e+02	  -1.0968365e+00	
   5.2290000e+05	   4.3197783e+03	   6.4453514e+02	  -1.1039767e+00	
   5.2380000e+05	   4.2836668e+03	   6.4895017e+02	  -1.1107675e+00	
   5.2470000e+05	   4.2469053e+03	   6.5539311e+02	  -1.1170968e+00	
   5.2560000e+05	   4.2092442e+03	   6.6362767e+02	  -1.1229725e+00	
   5.2650000e+05	   4.1706382e+03	   6.7335322e+02	  -1.1284119e+00	
   5.2740000e+05	   4.1311638e+03	   6.8423007e+02	  -1.1334477e+00	
   5.2830000e+05	   4.0909039e+03	   6.9592033e+02	  -1.1381201e+00	
   5.2920000e+05	   4.0499475e+03	   7.0809635e+02	  -1.1424692e+00	
   5.3010000e+05	   4.0083879e+03	   7.2043949e+02	  -1.1465345e+00	
   5.3100000e+05	   3.9663237e+03	   7.3263883e+02	  -1.1503557e+00	
   5.3190000e+05	   3.9238792e+03	   7.4438248e+02	  -1.1539737e+00	
   5.3280000e+05	   3.8812315e+03	   7.5534643e+02	  -1.1574317e+00	
   5.3370000e+05	   3.8385690e+03	   7.6520834e+02	  -1.1607747e+00	
   5.3460000e+05	   3.7960836e+03	   7.7364377e+02	  -1.1640466e+00	
   5.3550000e+05	   3.7539439e+03	   7.8026242e+02	  -1.1672740e+00	
   5.3640000e+05	   3.7123078e+03	   7.8463902e+02	  -1.1704717e+00	
   5.3730000e+05	   3.6713418e+03	   7.8635580e+02	  -1.1736514e+00	
   5.3820000e+05	   3.6312226e+03	   7.8500510e+02	  -1.1768203e+00	
   5.3910000e+05	   3.5921401e+03	   7.8023159e+02	  -1.1799858e+00	
   5.4000000e+05	   3.5543111e+03	   7.7211700e+02	  -1.1831922e+00	
   5.4090000e+05	   3.5180772e+03	   7.6140593e+02	  -1.1862847e+00	
   5.4180000e+05	   3.4838750e+03	   7.4923012e+02	  -1.1889054e+00	
   5.4270000e+05	   3.4521437e+03	   7.3677332e+02	  -1.1906624e+00	
   5.4360000e+05	   3.4235395e+03	   7.2522660e+02	  -1.1911296e+00	
   5.4450000e+05	   3.3988175e+03	   7.1581578e+02	  -1.1898669e+00	
   5.4540000e+05	   3.3784211e+03	   7.0977333e+02	  -1.1864541e+00	
   5.4630000e+05	   3.3624043e+03	   7.0784105e+02	  -1.1807830e+00	
   5.4720000e+05	   3.3506464e+03	   7.1035654e+02	  -1.1730080e+00	
