   0.0000000e+00	   6.7123892e+02	   2.8869691e+02	   9.6933911e-01	
   9.0000000e+02	   6.8796249e+02	   2.7251947e+02	   9.7882842e-01	
   1.8000000e+03	   7.0033627e+02	   2.6221383e+02	   9.8973150e-01	
   2.7000000e+03	   7.1011379e+02	   2.5893906e+02	   1.0007735e+00	
   3.6000000e+03	   7.2003853e+02	   2.6110151e+02	   1.0114404e+00	
   4.5000000e+03	   7.3218102e+02	   2.6477535e+02	   1.0235110e+00	
   5.4000000e+03	   7.4449275e+02	   2.6714355e+02	   1.0344899e+00	
   6.3000000e+03	   7.5432125e+02	   2.6775184e+02	   1.0373647e+00	
   7.2000000e+03	   7.6281804e+02	   2.7005483e+02	   1.0309367e+00	
   8.1000000e+03	   7.7255838e+02	   2.7831217e+02	   1.0221566e+00	
   9.0000000e+03	   7.8246381e+02	   2.9048888e+02	   1.0200880e+00	
   9.9000000e+03	   7.9083903e+02	   3.0112622e+02	   1.0288292e+00	
   1.0800000e+04	   7.9928422e+02	   3.0888200e+02	   1.0445083e+00	
   1.1700000e+04	   8.0759315e+02	   3.1530821e+02	   1.0585903e+00	
   1.2600000e+04	   8.1033343e+02	   3.1931645e+02	   1.0645575e+00	
   1.3500000e+04	   8.0635120e+02	   3.1839627e+02	   1.0626229e+00	
   1.4400000e+04	   8.0346396e+02	   3.1565663e+02	   1.0579478e+00	
   1.5300000e+04	   8.0670263e+02	   3.1628055e+02	   1.0534996e+00	
   1.6200000e+04	   8.1704263e+02	   3.1848771e+02	   1.0499050e+00	
   1.7100000e+04	   8.3405268e+02	   3.1803833e+02	   1.0518588e+00	
   1.8000000e+04	   8.5231560e+02	   3.1487786e+02	   1.0642257e+00	
   1.8900000e+04	   8.6558660e+02	   3.0953511e+02	   1.0866292e+00	
   1.9800000e+04	   8.7116635e+02	   3.0073542e+02	   1.1158447e+00	
   2.0700000e+04	   8.7178902e+02	   2.8675124e+02	   1.1455758e+00	
   2.1600000e+04	   8.7480110e+02	   2.6756232e+02	   1.1667215e+00	
   2.2500000e+04	   8.8727641e+02	   2.4751793e+02	   1.1749850e+00	
   2.3400000e+04	   9.1279072e+02	   2.3036790e+02	   1.1722758e+00	
   2.4300000e+04	   9.4810533e+02	   2.1488886e+02	   1.1687625e+00	
   2.5200000e+04	   9.8520884e+02	   2.0083434e+02	   1.1773745e+00	
   2.6100000e+04	   1.0183678e+03	   1.9433149e+02	   1.1951982e+00	
   2.7000000e+04	   1.0444571e+03	   1.9610526e+02	   1.2063662e+00	
   2.7900000e+04	   1.0659549e+03	   2.0256427e+02	   1.2074743e+00	
   2.8800000e+04	   1.0883854e+03	   2.0859407e+02	   1.2100230e+00	
   2.9700000e+04	   1.1121234e+03	   2.0744983e+02	   1.2199665e+00	
   3.0600000e+04	   1.1372354e+03	   2.0023518e+02	   1.2319633e+00	
   3.1500000e+04	   1.1643446e+03	   1.9267127e+02	   1.2405859e+00	
   3.2400000e+04	   1.1907451e+03	   1.8626777e+02	   1.2483513e+00	
   3.3300000e+04	   1.2152294e+03	   1.7824909e+02	   1.2599006e+00	
   3.4200000e+04	   1.2395738e+03	   1.6981992e+02	   1.2739385e+00	
   3.5100000e+04	   1.2633315e+03	   1.6608279e+02	   1.2853520e+00	
   3.6000000e+04	   1.2845788e+03	   1.6610359e+02	   1.2912422e+00	
   3.6900000e+04	   1.3023118e+03	   1.6444932e+02	   1.2937670e+00	
   3.7800000e+04	   1.3171022e+03	   1.5877685e+02	   1.2973375e+00	
   3.8700000e+04	   1.3322012e+03	   1.4909525e+02	   1.3033158e+00	
   3.9600000e+04	   1.3520774e+03	   1.3721521e+02	   1.3101933e+00	
   4.0500000e+04	   1.3782336e+03	   1.2595576e+02	   1.3179515e+00	
   4.1400000e+04	   1.4068557e+03	   1.1723444e+02	   1.3290599e+00	
   4.2300000e+04	   1.4341074e+03	   1.1226251e+02	   1.3436412e+00	
   4.3200000e+04	   1.4610660e+03	   1.1056033e+02	   1.3581174e+00	
   4.4100000e+04	   1.4897858e+03	   1.1011238e+02	   1.3703426e+00	
   4.5000000e+04	   1.5203567e+03	   1.1037076e+02	   1.3802016e+00	
   4.5900000e+04	   1.5521911e+03	   1.1296439e+02	   1.3871523e+00	
   4.6800000e+04	   1.5828060e+03	   1.1881713e+02	   1.3904464e+00	
   4.7700000e+04	   1.6093878e+03	   1.2767210e+02	   1.3906391e+00	
   4.8600000e+04	   1.6329713e+03	   1.3850075e+02	   1.3899441e+00	
   4.9500000e+04	   1.6561656e+03	   1.5088043e+02	   1.3891883e+00	
   5.0400000e+04	   1.6791156e+03	   1.6400495e+02	   1.3878167e+00	
   5.1300000e+04	   1.7001627e+03	   1.7505080e+02	   1.3863676e+00	
   5.2200000e+04	   1.7192183e+03	   1.8236340e+02	   1.3859691e+00	
   5.3100000e+04	   1.7394162e+03	   1.8559311e+02	   1.3869016e+00	
   5.4000000e+04	   1.7657273e+03	   1.8634373e+02	   1.3874938e+00	
   5.4900000e+04	   1.8005907e+03	   1.8731371e+02	   1.3859924e+00	
   5.5800000e+04	   1.8411036e+03	   1.8825797e+02	   1.3834964e+00	
   5.6700000e+04	   1.8810419e+03	   1.8681122e+02	   1.3820821e+00	
   5.7600000e+04	   1.9153919e+03	   1.8405157e+02	   1.3822585e+00	
   5.8500000e+04	   1.9446655e+03	   1.8190542e+02	   1.3842431e+00	
   5.9400000e+04	   1.9735473e+03	   1.7835300e+02	   1.3879242e+00	
   6.0300000e+04	   2.0035646e+03	   1.7075358e+02	   1.3923187e+00	
   6.1200000e+04	   2.0318313e+03	   1.6129134e+02	   1.3969010e+00	
   6.2100000e+04	   2.0564907e+03	   1.5390444e+02	   1.4018432e+00	
   6.3000000e+04	   2.0770493e+03	   1.4990425e+02	   1.4076481e+00	
   6.3900000e+04	   2.0936308e+03	   1.4829986e+02	   1.4149790e+00	
   6.4800000e+04	   2.1095797e+03	   1.4805392e+02	   1.4241113e+00	
   6.5700000e+04	   2.1293432e+03	   1.4830686e+02	   1.4342792e+00	
   6.6600000e+04	   2.1549033e+03	   1.4979622e+02	   1.4421771e+00	
   6.7500000e+04	   2.1868382e+03	   1.5496249e+02	   1.4444101e+00	
   6.8400000e+04	   2.2244030e+03	   1.6432971e+02	   1.4427494e+00	
   6.9300000e+04	   2.2650558e+03	   1.7553262e+02	   1.4412098e+00	
   7.0200000e+04	   2.3069648e+03	   1.8600694e+02	   1.4403078e+00	
   7.1100000e+04	   2.3483734e+03	   1.9444996e+02	   1.4384006e+00	
   7.2000000e+04	   2.3861528e+03	   2.0234509e+02	   1.4356057e+00	
   7.2900000e+04	   2.4188057e+03	   2.1107779e+02	   1.4339824e+00	
   7.3800000e+04	   2.4441994e+03	   2.1856493e+02	   1.4338192e+00	
   7.4700000e+04	   2.4581638e+03	   2.2195580e+02	   1.4334949e+00	
   7.5600000e+04	   2.4618895e+03	   2.2340140e+02	   1.4332437e+00	
   7.6500000e+04	   2.4615230e+03	   2.2678766e+02	   1.4348529e+00	
   7.7400000e+04	   2.4618430e+03	   2.3270578e+02	   1.4393117e+00	
   7.8300000e+04	   2.4644892e+03	   2.4034481e+02	   1.4462050e+00	
   7.9200000e+04	   2.4698851e+03	   2.4908040e+02	   1.4542905e+00	
   8.0100000e+04	   2.4779613e+03	   2.5831800e+02	   1.4624686e+00	
   8.1000000e+04	   2.4882528e+03	   2.6744784e+02	   1.4699314e+00	
   8.1900000e+04	   2.5020247e+03	   2.7589239e+02	   1.4764601e+00	
   8.2800000e+04	   2.5214259e+03	   2.8287345e+02	   1.4820562e+00	
   8.3700000e+04	   2.5462464e+03	   2.8681978e+02	   1.4864346e+00	
   8.4600000e+04	   2.5744470e+03	   2.8833296e+02	   1.4898887e+00	
   8.5500000e+04	   2.6047998e+03	   2.8897788e+02	   1.4936580e+00	
   8.6400000e+04	   2.6374069e+03	   2.8887415e+02	   1.4995043e+00	
   8.7300000e+04	   2.6707012e+03	   2.8849453e+02	   1.5074394e+00	
   8.8200000e+04	   2.6994529e+03	   2.8947448e+02	   1.5157194e+00	
   8.9100000e+04	   2.7200182e+03	   2.9290110e+02	   1.5231702e+00	
   9.0000000e+04	   2.7347336e+03	   2.9803753e+02	   1.5296541e+00	
   9.0900000e+04	   2.7460638e+03	   3.0342855e+02	   1.5360275e+00	
   9.1800000e+04	   2.7510095e+03	   3.0827124e+02	   1.5439019e+00	
   9.2700000e+04	   2.7475958e+03	   3.1209572e+02	   1.5546706e+00	
   9.3600000e+04	   2.7422557e+03	   3.1488608e+02	   1.5688478e+00	
   9.4500000e+04	   2.7438531e+03	   3.1697885e+02	  -1.5566921e+00	
   9.5400000e+04	   2.7568792e+03	   3.1799840e+02	  -1.5420061e+00	
   9.6300000e+04	   2.7810324e+03	   3.1743627e+02	  -1.5305453e+00	
   9.7200000e+04	   2.8119848e+03	   3.1778177e+02	  -1.5220803e+00	
   9.8100000e+04	   2.8457510e+03	   3.2220226e+02	  -1.5145883e+00	
   9.9000000e+04	   2.8820444e+03	   3.2922452e+02	  -1.5051026e+00	
   9.9900000e+04	   2.9189341e+03	   3.3577750e+02	  -1.4943288e+00	
   1.0080000e+05	   2.9511961e+03	   3.3973512e+02	  -1.4856733e+00	
   1.0170000e+05	   2.9772312e+03	   3.4077385e+02	  -1.4785228e+00	
   1.0260000e+05	   3.0000940e+03	   3.3842029e+02	  -1.4695208e+00	
   1.0350000e+05	   3.0243860e+03	   3.3229149e+02	  -1.4583697e+00	
   1.0440000e+05	   3.0510539e+03	   3.2415274e+02	  -1.4472471e+00	
   1.0530000e+05	   3.0740058e+03	   3.1602846e+02	  -1.4376833e+00	
   1.0620000e+05	   3.0893041e+03	   3.0908337e+02	  -1.4299920e+00	
   1.0710000e+05	   3.1007363e+03	   3.0351570e+02	  -1.4236439e+00	
   1.0800000e+05	   3.1129761e+03	   2.9864549e+02	  -1.4179155e+00	
   1.0890000e+05	   3.1256951e+03	   2.9387360e+02	  -1.4125718e+00	
   1.0980000e+05	   3.1368014e+03	   2.8925978e+02	  -1.4077652e+00	
   1.1070000e+05	   3.1464067e+03	   2.8524789e+02	  -1.4037191e+00	
   1.1160000e+05	   3.1557610e+03	   2.8287574e+02	  -1.4006014e+00	
   1.1250000e+05	   3.1657918e+03	   2.8320522e+02	  -1.3984199e+00	
   1.1340000e+05	   3.1766360e+03	   2.8482405e+02	  -1.3968565e+00	
   1.1430000e+05	   3.1881421e+03	   2.8518918e+02	  -1.3953217e+00	
   1.1520000e+05	   3.1995147e+03	   2.8432557e+02	  -1.3928733e+00	
   1.1610000e+05	   3.2094431e+03	   2.8325856e+02	  -1.3890726e+00	
   1.1700000e+05	   3.2175310e+03	   2.8179402e+02	  -1.3845315e+00	
   1.1790000e+05	   3.2211743e+03	   2.7865685e+02	  -1.3795444e+00	
   1.1880000e+05	   3.2163871e+03	   2.7341054e+02	  -1.3732086e+00	
   1.1970000e+05	   3.2054715e+03	   2.6690480e+02	  -1.3647448e+00	
   1.2060000e+05	   3.1949930e+03	   2.6016682e+02	  -1.3551873e+00	
   1.2150000e+05	   3.1881646e+03	   2.5481200e+02	  -1.3464063e+00	
   1.2240000e+05	   3.1858415e+03	   2.5326065e+02	  -1.3388620e+00	
   1.2330000e+05	   3.1866179e+03	   2.5531071e+02	  -1.3317049e+00	
   1.2420000e+05	   3.1866382e+03	   2.5789311e+02	  -1.3246723e+00	
   1.2510000e+05	   3.1858393e+03	   2.5933190e+02	  -1.3181646e+00	
   1.2600000e+05	   3.1902801e+03	   2.6017050e+02	  -1.3120519e+00	
   1.2690000e+05	   3.2034320e+03	   2.6096491e+02	  -1.3060447e+00	
   1.2780000e+05	   3.2203144e+03	   2.6156212e+02	  -1.3001094e+00	
   1.2870000e+05	   3.2336315e+03	   2.6222879e+02	  -1.2940709e+00	
   1.2960000e+05	   3.2409718e+03	   2.6518119e+02	  -1.2874864e+00	
   1.3050000e+05	   3.2468235e+03	   2.7160027e+02	  -1.2802213e+00	
   1.3140000e+05	   3.2564311e+03	   2.7863621e+02	  -1.2729517e+00	
   1.3230000e+05	   3.2691031e+03	   2.8374552e+02	  -1.2665073e+00	
   1.3320000e+05	   3.2817222e+03	   2.8775238e+02	  -1.2611483e+00	
   1.3410000e+05	   3.2918744e+03	   2.9172247e+02	  -1.2563554e+00	
   1.3500000e+05	   3.2988240e+03	   2.9721047e+02	  -1.2506044e+00	
   1.3590000e+05	   3.3057150e+03	   3.0518230e+02	  -1.2424968e+00	
   1.3680000e+05	   3.3167182e+03	   3.1278934e+02	  -1.2323973e+00	
   1.3770000e+05	   3.3323833e+03	   3.1689105e+02	  -1.2214938e+00	
   1.3860000e+05	   3.3498110e+03	   3.1866048e+02	  -1.2105611e+00	
   1.3950000e+05	   3.3669442e+03	   3.2123133e+02	  -1.1999126e+00	
   1.4040000e+05	   3.3843938e+03	   3.2864557e+02	  -1.1885636e+00	
   1.4130000e+05	   3.4021625e+03	   3.4292891e+02	  -1.1752369e+00	
   1.4220000e+05	   3.4167626e+03	   3.5602703e+02	  -1.1623417e+00	
   1.4310000e+05	   3.4259160e+03	   3.5770083e+02	  -1.1535442e+00	
   1.4400000e+05	   3.4354946e+03	   3.5357831e+02	  -1.1476316e+00	
   1.4490000e+05	   3.4535001e+03	   3.5457464e+02	  -1.1414236e+00	
   1.4580000e+05	   3.4787914e+03	   3.5981617e+02	  -1.1344003e+00	
   1.4670000e+05	   3.5036444e+03	   3.6374636e+02	  -1.1273259e+00	
   1.4760000e+05	   3.5241790e+03	   3.6664118e+02	  -1.1204578e+00	
   1.4850000e+05	   3.5424847e+03	   3.7159664e+02	  -1.1140310e+00	
   1.4940000e+05	   3.5607288e+03	   3.7913030e+02	  -1.1081156e+00	
   1.5030000e+05	   3.5775000e+03	   3.8745618e+02	  -1.1018232e+00	
   1.5120000e+05	   3.5910876e+03	   3.9523168e+02	  -1.0944059e+00	
   1.5210000e+05	   3.6016370e+03	   4.0257152e+02	  -1.0861309e+00	
   1.5300000e+05	   3.6089289e+03	   4.0879262e+02	  -1.0772815e+00	
   1.5390000e+05	   3.6150059e+03	   4.1197248e+02	  -1.0678817e+00	
   1.5480000e+05	   3.6250574e+03	   4.1188383e+02	  -1.0583172e+00	
   1.5570000e+05	   3.6399555e+03	   4.1031364e+02	  -1.0490751e+00	
   1.5660000e+05	   3.6556868e+03	   4.0840827e+02	  -1.0403533e+00	
   1.5750000e+05	   3.6705933e+03	   4.0647856e+02	  -1.0324932e+00	
   1.5840000e+05	   3.6865701e+03	   4.0550812e+02	  -1.0262744e+00	
   1.5930000e+05	   3.7039760e+03	   4.0543007e+02	  -1.0214605e+00	
   1.6020000e+05	   3.7210277e+03	   4.0491224e+02	  -1.0165472e+00	
   1.6110000e+05	   3.7384962e+03	   4.0294970e+02	  -1.0106101e+00	
   1.6200000e+05	   3.7577471e+03	   3.9942939e+02	  -1.0039264e+00	
   1.6290000e+05	   3.7766996e+03	   3.9556127e+02	  -9.9770578e-01	
   1.6380000e+05	   3.7931507e+03	   3.9043306e+02	  -9.9287213e-01	
   1.6470000e+05	   3.8072521e+03	   3.8136894e+02	  -9.8890696e-01	
   1.6560000e+05	   3.8195394e+03	   3.7039880e+02	  -9.8494610e-01	
   1.6650000e+05	   3.8307320e+03	   3.6287277e+02	  -9.8126309e-01	
   1.6740000e+05	   3.8431573e+03	   3.6062945e+02	  -9.7851444e-01	
   1.6830000e+05	   3.8582479e+03	   3.6110380e+02	  -9.7602540e-01	
   1.6920000e+05	   3.8757052e+03	   3.6260868e+02	  -9.7297091e-01	
   1.7010000e+05	   3.8952663e+03	   3.6646544e+02	  -9.6997156e-01	
   1.7100000e+05	   3.9141061e+03	   3.7146231e+02	  -9.6749964e-01	
   1.7190000e+05	   3.9288485e+03	   3.7395828e+02	  -9.6509059e-01	
   1.7280000e+05	   3.9405188e+03	   3.7208282e+02	  -9.6254090e-01	
   1.7370000e+05	   3.9521335e+03	   3.6487023e+02	  -9.6017992e-01	
   1.7460000e+05	   3.9644442e+03	   3.5479737e+02	  -9.5830164e-01	
   1.7550000e+05	   3.9757615e+03	   3.4682928e+02	  -9.5724221e-01	
   1.7640000e+05	   3.9852220e+03	   3.4165974e+02	  -9.5754830e-01	
   1.7730000e+05	   3.9928672e+03	   3.3716788e+02	  -9.5887361e-01	
   1.7820000e+05	   3.9976347e+03	   3.3240249e+02	  -9.5988824e-01	
   1.7910000e+05	   4.0004944e+03	   3.2582448e+02	  -9.6013691e-01	
   1.8000000e+05	   4.0047079e+03	   3.1803641e+02	  -9.6002520e-01	
   1.8090000e+05	   4.0106888e+03	   3.1122135e+02	  -9.5939673e-01	
   1.8180000e+05	   4.0171415e+03	   3.0626517e+02	  -9.5805815e-01	
   1.8270000e+05	   4.0213642e+03	   3.0306263e+02	  -9.5671395e-01	
   1.8360000e+05	   4.0192960e+03	   3.0124903e+02	  -9.5641512e-01	
   1.8450000e+05	   4.0116433e+03	   3.0049939e+02	  -9.5643933e-01	
   1.8540000e+05	   4.0021949e+03	   3.0026319e+02	  -9.5476066e-01	
   1.8630000e+05	   3.9929993e+03	   2.9694715e+02	  -9.5076080e-01	
   1.8720000e+05	   3.9861631e+03	   2.8866880e+02	  -9.4546704e-01	
   1.8810000e+05	   3.9845376e+03	   2.7755063e+02	  -9.4003609e-01	
   1.8900000e+05	   3.9892264e+03	   2.6534728e+02	  -9.3518176e-01	
   1.8990000e+05	   3.9983031e+03	   2.5212419e+02	  -9.3061485e-01	
   1.9080000e+05	   4.0098758e+03	   2.4064935e+02	  -9.2513711e-01	
   1.9170000e+05	   4.0249485e+03	   2.3431473e+02	  -9.1919292e-01	
   1.9260000e+05	   4.0434669e+03	   2.3151971e+02	  -9.1485967e-01	
   1.9350000e+05	   4.0629802e+03	   2.2947067e+02	  -9.1233157e-01	
   1.9440000e+05	   4.0837063e+03	   2.2833532e+02	  -9.0960625e-01	
   1.9530000e+05	   4.1071405e+03	   2.2808482e+02	  -9.0534058e-01	
   1.9620000e+05	   4.1311614e+03	   2.2774765e+02	  -9.0052782e-01	
   1.9710000e+05	   4.1522443e+03	   2.2733844e+02	  -8.9736773e-01	
   1.9800000e+05	   4.1690737e+03	   2.2759880e+02	  -8.9667763e-01	
   1.9890000e+05	   4.1820468e+03	   2.2962016e+02	  -8.9749118e-01	
   1.9980000e+05	   4.1922627e+03	   2.3388167e+02	  -8.9829222e-01	
   2.0070000e+05	   4.2004363e+03	   2.3880373e+02	  -8.9808409e-01	
   2.0160000e+05	   4.2054449e+03	   2.4254920e+02	  -8.9704984e-01	
   2.0250000e+05	   4.2069429e+03	   2.4471032e+02	  -8.9577942e-01	
   2.0340000e+05	   4.2072322e+03	   2.4711816e+02	  -8.9442108e-01	
   2.0430000e+05	   4.2073238e+03	   2.5192011e+02	  -8.9342144e-01	
   2.0520000e+05	   4.2056770e+03	   2.5786759e+02	  -8.9315791e-01	
   2.0610000e+05	   4.2017422e+03	   2.6231318e+02	  -8.9327803e-01	
   2.0700000e+05	   4.1987941e+03	   2.6499806e+02	  -8.9363319e-01	
   2.0790000e+05	   4.2001294e+03	   2.6613913e+02	  -8.9422032e-01	
   2.0880000e+05	   4.2050356e+03	   2.6564567e+02	  -8.9433772e-01	
   2.0970000e+05	   4.2115515e+03	   2.6348072e+02	  -8.9341373e-01	
   2.1060000e+05	   4.2212004e+03	   2.5993324e+02	  -8.9196539e-01	
   2.1150000e+05	   4.2372105e+03	   2.5559716e+02	  -8.9044894e-01	
   2.1240000e+05	   4.2573791e+03	   2.5438198e+02	  -8.8893951e-01	
   2.1330000e+05	   4.2777956e+03	   2.6036745e+02	  -8.8765905e-01	
   2.1420000e+05	   4.2999580e+03	   2.6870459e+02	  -8.8672804e-01	
   2.1510000e+05	   4.3264301e+03	   2.7241722e+02	  -8.8616316e-01	
   2.1600000e+05	   4.3567224e+03	   2.7151729e+02	  -8.8606617e-01	
   2.1690000e+05	   4.3886448e+03	   2.6929164e+02	  -8.8636830e-01	
   2.1780000e+05	   4.4212893e+03	   2.6809040e+02	  -8.8654574e-01	
   2.1870000e+05	   4.4557348e+03	   2.6847023e+02	  -8.8635159e-01	
   2.1960000e+05	   4.4920274e+03	   2.7082916e+02	  -8.8649241e-01	
   2.2050000e+05	   4.5288470e+03	   2.7529589e+02	  -8.8792542e-01	
   2.2140000e+05	   4.5654357e+03	   2.8007205e+02	  -8.9092656e-01	
   2.2230000e+05	   4.5999568e+03	   2.8355223e+02	  -8.9496742e-01	
   2.2320000e+05	   4.6289187e+03	   2.8618470e+02	  -8.9951622e-01	
   2.2410000e+05	   4.6515284e+03	   2.8900603e+02	  -9.0442433e-01	
   2.2500000e+05	   4.6701901e+03	   2.9256130e+02	  -9.0946757e-01	
   2.2590000e+05	   4.6864550e+03	   2.9705686e+02	  -9.1444604e-01	
   2.2680000e+05	   4.6996834e+03	   3.0286996e+02	  -9.1943683e-01	
   2.2770000e+05	   4.7082890e+03	   3.1037520e+02	  -9.2477581e-01	
   2.2860000e+05	   4.7107490e+03	   3.2014248e+02	  -9.3087350e-01	
   2.2950000e+05	   4.7066889e+03	   3.3288842e+02	  -9.3806594e-01	
   2.3040000e+05	   4.6995433e+03	   3.4458344e+02	  -9.4638246e-01	
   2.3130000e+05	   4.6937752e+03	   3.4805694e+02	  -9.5508946e-01	
   2.3220000e+05	   4.6877927e+03	   3.4608605e+02	  -9.6313662e-01	
   2.3310000e+05	   4.6774373e+03	   3.4714010e+02	  -9.6989807e-01	
   2.3400000e+05	   4.6633298e+03	   3.5362138e+02	  -9.7525260e-01	
   2.3490000e+05	   4.6473536e+03	   3.6407253e+02	  -9.7961448e-01	
   2.3580000e+05	   4.6300875e+03	   3.7709743e+02	  -9.8350355e-01	
   2.3670000e+05	   4.6139682e+03	   3.9079842e+02	  -9.8743264e-01	
   2.3760000e+05	   4.6013882e+03	   4.0374660e+02	  -9.9187961e-01	
   2.3850000e+05	   4.5917122e+03	   4.1671472e+02	  -9.9699158e-01	
   2.3940000e+05	   4.5840517e+03	   4.2939280e+02	  -1.0025328e+00	
   2.4030000e+05	   4.5785104e+03	   4.3897691e+02	  -1.0078981e+00	
   2.4120000e+05	   4.5752621e+03	   4.4400446e+02	  -1.0126539e+00	
   2.4210000e+05	   4.5753601e+03	   4.4552049e+02	  -1.0167461e+00	
   2.4300000e+05	   4.5791730e+03	   4.4655617e+02	  -1.0203086e+00	
   2.4390000e+05	   4.5853780e+03	   4.4986029e+02	  -1.0236260e+00	
   2.4480000e+05	   4.5936861e+03	   4.5518825e+02	  -1.0268672e+00	
   2.4570000e+05	   4.6054941e+03	   4.6144231e+02	  -1.0298210e+00	
   2.4660000e+05	   4.6214436e+03	   4.7015945e+02	  -1.0321514e+00	
   2.4750000e+05	   4.6403311e+03	   4.8258153e+02	  -1.0339608e+00	
   2.4840000e+05	   4.6597914e+03	   4.9626394e+02	  -1.0359268e+00	
   2.4930000e+05	   4.6791351e+03	   5.0864241e+02	  -1.0387234e+00	
   2.5020000e+05	   4.6995065e+03	   5.1973996e+02	  -1.0425026e+00	
   2.5110000e+05	   4.7207315e+03	   5.3002830e+02	  -1.0470182e+00	
   2.5200000e+05	   4.7408839e+03	   5.3953494e+02	  -1.0518983e+00	
   2.5290000e+05	   4.7570697e+03	   5.4794965e+02	  -1.0568963e+00	
   2.5380000e+05	   4.7671014e+03	   5.5421628e+02	  -1.0621421e+00	
   2.5470000e+05	   4.7710788e+03	   5.5804025e+02	  -1.0677886e+00	
   2.5560000e+05	   4.7698106e+03	   5.6012104e+02	  -1.0736981e+00	
   2.5650000e+05	   4.7632362e+03	   5.6110099e+02	  -1.0797099e+00	
   2.5740000e+05	   4.7515040e+03	   5.6162436e+02	  -1.0856283e+00	
   2.5830000e+05	   4.7365076e+03	   5.6047007e+02	  -1.0913725e+00	
   2.5920000e+05	   4.7205287e+03	   5.5513564e+02	  -1.0969881e+00	
   2.6010000e+05	   4.7038784e+03	   5.4612288e+02	  -1.1023043e+00	
   2.6100000e+05	   4.6862670e+03	   5.3631575e+02	  -1.1071376e+00	
   2.6190000e+05	   4.6681344e+03	   5.2629982e+02	  -1.1115334e+00	
   2.6280000e+05	   4.6503544e+03	   5.1463130e+02	  -1.1156592e+00	
   2.6370000e+05	   4.6348307e+03	   5.0137000e+02	  -1.1193915e+00	
   2.6460000e+05	   4.6242844e+03	   4.8789664e+02	  -1.1223097e+00	
   2.6550000e+05	   4.6201940e+03	   4.7567091e+02	  -1.1241357e+00	
   2.6640000e+05	   4.6226746e+03	   4.6531661e+02	  -1.1251369e+00	
   2.6730000e+05	   4.6287005e+03	   4.5378269e+02	  -1.1265769e+00	
   2.6820000e+05	   4.6322909e+03	   4.3653449e+02	  -1.1297614e+00	
   2.6910000e+05	   4.6337852e+03	   4.1750357e+02	  -1.1335705e+00	
   2.7000000e+05	   4.6391411e+03	   4.0806930e+02	  -1.1353324e+00	
   2.7090000e+05	   4.6458011e+03	   4.0849629e+02	  -1.1354377e+00	
   2.7180000e+05	   4.6448930e+03	   4.0719494e+02	  -1.1376491e+00	
   2.7270000e+05	   4.6357964e+03	   3.9969245e+02	  -1.1433138e+00	
   2.7360000e+05	   4.6256012e+03	   3.9197889e+02	  -1.1495089e+00	
   2.7450000e+05	   4.6180090e+03	   3.8767088e+02	  -1.1540178e+00	
   2.7540000e+05	   4.6120100e+03	   3.8538442e+02	  -1.1571548e+00	
   2.7630000e+05	   4.6091986e+03	   3.8377161e+02	  -1.1594248e+00	
   2.7720000e+05	   4.6143292e+03	   3.8641262e+02	  -1.1610004e+00	
   2.7810000e+05	   4.6267805e+03	   3.9775728e+02	  -1.1619935e+00	
   2.7900000e+05	   4.6383464e+03	   4.1592418e+02	  -1.1623917e+00	
   2.7990000e+05	   4.6458372e+03	   4.3575873e+02	  -1.1622259e+00	
   2.8080000e+05	   4.6549986e+03	   4.5386727e+02	  -1.1616463e+00	
   2.8170000e+05	   4.6670060e+03	   4.6868259e+02	  -1.1608000e+00	
   2.8260000e+05	   4.6776395e+03	   4.8085729e+02	  -1.1598953e+00	
   2.8350000e+05	   4.6863196e+03	   4.9176390e+02	  -1.1591151e+00	
   2.8440000e+05	   4.6943919e+03	   5.0079439e+02	  -1.1587936e+00	
   2.8530000e+05	   4.7017382e+03	   5.0729589e+02	  -1.1593091e+00	
   2.8620000e+05	   4.7085041e+03	   5.1179166e+02	  -1.1601096e+00	
   2.8710000e+05	   4.7150917e+03	   5.1404440e+02	  -1.1605077e+00	
   2.8800000e+05	   4.7216807e+03	   5.1449275e+02	  -1.1607756e+00	
   2.8890000e+05	   4.7284475e+03	   5.1453196e+02	  -1.1611926e+00	
   2.8980000e+05	   4.7358779e+03	   5.1469238e+02	  -1.1616084e+00	
   2.9070000e+05	   4.7448098e+03	   5.1471128e+02	  -1.1621137e+00	
   2.9160000e+05	   4.7556608e+03	   5.1387127e+02	  -1.1628217e+00	
   2.9250000e+05	   4.7693848e+03	   5.1087125e+02	  -1.1637388e+00	
   2.9340000e+05	   4.7837230e+03	   5.0566048e+02	  -1.1652660e+00	
   2.9430000e+05	   4.7928599e+03	   4.9997603e+02	  -1.1678742e+00	
   2.9520000e+05	   4.7959464e+03	   4.9380577e+02	  -1.1712792e+00	
   2.9610000e+05	   4.7963134e+03	   4.8522936e+02	  -1.1748899e+00	
   2.9700000e+05	   4.7950286e+03	   4.7481689e+02	  -1.1789472e+00	
   2.9790000e+05	   4.7903018e+03	   4.6630910e+02	  -1.1837334e+00	
   2.9880000e+05	   4.7809802e+03	   4.6318775e+02	  -1.1885371e+00	
   2.9970000e+05	   4.7707955e+03	   4.6301944e+02	  -1.1927523e+00	
   3.0060000e+05	   4.7649411e+03	   4.5973967e+02	  -1.1964262e+00	
   3.0150000e+05	   4.7635082e+03	   4.5204311e+02	  -1.1994969e+00	
   3.0240000e+05	   4.7636962e+03	   4.4333988e+02	  -1.2019808e+00	
   3.0330000e+05	   4.7650209e+03	   4.3428226e+02	  -1.2039319e+00	
   3.0420000e+05	   4.7669912e+03	   4.2093178e+02	  -1.2044895e+00	
   3.0510000e+05	   4.7682172e+03	   4.0287032e+02	  -1.2033838e+00	
   3.0600000e+05	   4.7694061e+03	   3.8506824e+02	  -1.2020017e+00	
   3.0690000e+05	   4.7716447e+03	   3.7020544e+02	  -1.2011952e+00	
   3.0780000e+05	   4.7746023e+03	   3.5973852e+02	  -1.2008717e+00	
   3.0870000e+05	   4.7793878e+03	   3.5464101e+02	  -1.2011127e+00	
   3.0960000e+05	   4.7885024e+03	   3.5062776e+02	  -1.2021243e+00	
   3.1050000e+05	   4.7996249e+03	   3.4364167e+02	  -1.2042829e+00	
   3.1140000e+05	   4.8062061e+03	   3.3418893e+02	  -1.2073286e+00	
   3.1230000e+05	   4.8077547e+03	   3.2280514e+02	  -1.2097329e+00	
   3.1320000e+05	   4.8107061e+03	   3.1252542e+02	  -1.2110344e+00	
   3.1410000e+05	   4.8174664e+03	   3.0778364e+02	  -1.2124850e+00	
   3.1500000e+05	   4.8233936e+03	   3.0738057e+02	  -1.2141058e+00	
   3.1590000e+05	   4.8265832e+03	   3.0665443e+02	  -1.2147846e+00	
   3.1680000e+05	   4.8311576e+03	   3.0429616e+02	  -1.2142751e+00	
   3.1770000e+05	   4.8387092e+03	   3.0091604e+02	  -1.2130012e+00	
   3.1860000e+05	   4.8457665e+03	   2.9702718e+02	  -1.2115741e+00	
   3.1950000e+05	   4.8492044e+03	   2.9363288e+02	  -1.2103630e+00	
   3.2040000e+05	   4.8488445e+03	   2.9246468e+02	  -1.2094500e+00	
   3.2130000e+05	   4.8466175e+03	   2.9508405e+02	  -1.2090097e+00	
   3.2220000e+05	   4.8434917e+03	   2.9978680e+02	  -1.2089588e+00	
   3.2310000e+05	   4.8395563e+03	   3.0318296e+02	  -1.2089543e+00	
   3.2400000e+05	   4.8370871e+03	   3.0286960e+02	  -1.2086767e+00	
   3.2490000e+05	   4.8354275e+03	   2.9826782e+02	  -1.2080466e+00	
   3.2580000e+05	   4.8270367e+03	   2.9467435e+02	  -1.2072954e+00	
   3.2670000e+05	   4.8089842e+03	   2.9723622e+02	  -1.2065734e+00	
   3.2760000e+05	   4.7891148e+03	   3.0351515e+02	  -1.2057521e+00	
   3.2850000e+05	   4.7730905e+03	   3.1001201e+02	  -1.2046790e+00	
   3.2940000e+05	   4.7610866e+03	   3.1563147e+02	  -1.2027573e+00	
   3.3030000e+05	   4.7530685e+03	   3.1859069e+02	  -1.1992146e+00	
   3.3120000e+05	   4.7475639e+03	   3.1771454e+02	  -1.1948508e+00	
   3.3210000e+05	   4.7429651e+03	   3.1515371e+02	  -1.1909768e+00	
   3.3300000e+05	   4.7383417e+03	   3.1516551e+02	  -1.1869292e+00	
   3.3390000e+05	   4.7340016e+03	   3.1653344e+02	  -1.1815938e+00	
   3.3480000e+05	   4.7338151e+03	   3.1541880e+02	  -1.1757289e+00	
   3.3570000e+05	   4.7401801e+03	   3.1394827e+02	  -1.1706078e+00	
   3.3660000e+05	   4.7490702e+03	   3.1518658e+02	  -1.1661990e+00	
   3.3750000e+05	   4.7575835e+03	   3.2029864e+02	  -1.1617975e+00	
   3.3840000e+05	   4.7691102e+03	   3.3253628e+02	  -1.1570542e+00	
   3.3930000e+05	   4.7872064e+03	   3.5261110e+02	  -1.1520056e+00	
   3.4020000e+05	   4.8125464e+03	   3.7417038e+02	  -1.1467998e+00	
   3.4110000e+05	   4.8420959e+03	   3.9258930e+02	  -1.1417561e+00	
   3.4200000e+05	   4.8704672e+03	   4.0933216e+02	  -1.1373441e+00	
   3.4290000e+05	   4.8969093e+03	   4.2633787e+02	  -1.1335188e+00	
   3.4380000e+05	   4.9250671e+03	   4.4477500e+02	  -1.1299397e+00	
   3.4470000e+05	   4.9554345e+03	   4.6388479e+02	  -1.1272081e+00	
   3.4560000e+05	   4.9854041e+03	   4.8107034e+02	  -1.1264642e+00	
   3.4650000e+05	   5.0131892e+03	   4.9488231e+02	  -1.1274818e+00	
   3.4740000e+05	   5.0376116e+03	   5.0583870e+02	  -1.1291245e+00	
   3.4830000e+05	   5.0566390e+03	   5.1591135e+02	  -1.1316493e+00	
   3.4920000e+05	   5.0686314e+03	   5.2530756e+02	  -1.1357626e+00	
   3.5010000e+05	   5.0761288e+03	   5.3188179e+02	  -1.1406553e+00	
   3.5100000e+05	   5.0845535e+03	   5.3814048e+02	  -1.1447193e+00	
   3.5190000e+05	   5.0932610e+03	   5.4745488e+02	  -1.1475084e+00	
   3.5280000e+05	   5.0932660e+03	   5.5494725e+02	  -1.1493787e+00	
   3.5370000e+05	   5.0817719e+03	   5.5397510e+02	  -1.1501525e+00	
   3.5460000e+05	   5.0691301e+03	   5.4427757e+02	  -1.1497260e+00	
   3.5550000e+05	   5.0603247e+03	   5.2912383e+02	  -1.1483953e+00	
   3.5640000e+05	   5.0479399e+03	   5.1209657e+02	  -1.1465221e+00	
   3.5730000e+05	   5.0258654e+03	   4.9418587e+02	  -1.1444986e+00	
   3.5820000e+05	   4.9953351e+03	   4.7615338e+02	  -1.1421362e+00	
   3.5910000e+05	   4.9611098e+03	   4.6002968e+02	  -1.1390744e+00	
   3.6000000e+05	   4.9288796e+03	   4.4748852e+02	  -1.1352947e+00	
   3.6090000e+05	   4.9016027e+03	   4.3962351e+02	  -1.1307365e+00	
   3.6180000e+05	   4.8785595e+03	   4.3451766e+02	  -1.1255282e+00	
   3.6270000e+05	   4.8588518e+03	   4.2894654e+02	  -1.1199467e+00	
   3.6360000e+05	   4.8419365e+03	   4.2359145e+02	  -1.1139545e+00	
   3.6450000e+05	   4.8266233e+03	   4.2314468e+02	  -1.1071692e+00	
   3.6540000e+05	   4.8125575e+03	   4.3298343e+02	  -1.0991732e+00	
   3.6630000e+05	   4.8031113e+03	   4.5461530e+02	  -1.0899100e+00	
   3.6720000e+05	   4.8020486e+03	   4.8308642e+02	  -1.0797748e+00	
   3.6810000e+05	   4.8090080e+03	   5.1188214e+02	  -1.0694677e+00	
   3.6900000e+05	   4.8222906e+03	   5.3394813e+02	  -1.0597614e+00	
   3.6990000e+05	   4.8399029e+03	   5.4312439e+02	  -1.0509676e+00	
   3.7080000e+05	   4.8596333e+03	   5.4097111e+02	  -1.0427525e+00	
   3.7170000e+05	   4.8806395e+03	   5.3334978e+02	  -1.0350664e+00	
   3.7260000e+05	   4.9016621e+03	   5.2434009e+02	  -1.0285293e+00	
   3.7350000e+05	   4.9204365e+03	   5.1592978e+02	  -1.0235581e+00	
   3.7440000e+05	   4.9356780e+03	   5.0888335e+02	  -1.0202796e+00	
   3.7530000e+05	   4.9481968e+03	   5.0335152e+02	  -1.0187218e+00	
   3.7620000e+05	   4.9610015e+03	   4.9730328e+02	  -1.0184890e+00	
   3.7710000e+05	   4.9764077e+03	   4.8813279e+02	  -1.0193915e+00	
   3.7800000e+05	   4.9942514e+03	   4.7917052e+02	  -1.0216318e+00	
   3.7890000e+05	   5.0147018e+03	   4.7694355e+02	  -1.0249145e+00	
   3.7980000e+05	   5.0357701e+03	   4.8171903e+02	  -1.0283163e+00	
   3.8070000e+05	   5.0531316e+03	   4.8963314e+02	  -1.0311332e+00	
   3.8160000e+05	   5.0668468e+03	   4.9941952e+02	  -1.0329521e+00	
   3.8250000e+05	   5.0785423e+03	   5.1018805e+02	  -1.0337898e+00	
   3.8340000e+05	   5.0870290e+03	   5.1817793e+02	  -1.0345710e+00	
   3.8430000e+05	   5.0912758e+03	   5.2153512e+02	  -1.0360122e+00	
   3.8520000e+05	   5.0921310e+03	   5.2362052e+02	  -1.0376473e+00	
   3.8610000e+05	   5.0908053e+03	   5.2613390e+02	  -1.0390235e+00	
   3.8700000e+05	   5.0890649e+03	   5.2984593e+02	  -1.0403699e+00	
   3.8790000e+05	   5.0881499e+03	   5.3713049e+02	  -1.0415291e+00	
   3.8880000e+05	   5.0867903e+03	   5.4555467e+02	  -1.0419792e+00	
   3.8970000e+05	   5.0832028e+03	   5.5070970e+02	  -1.0421072e+00	
   3.9060000e+05	   5.0770497e+03	   5.5046599e+02	  -1.0427359e+00	
   3.9150000e+05	   5.0690550e+03	   5.4352567e+02	  -1.0439066e+00	
   3.9240000e+05	   5.0629913e+03	   5.3467538e+02	  -1.0452560e+00	
   3.9330000e+05	   5.0632597e+03	   5.3194312e+02	  -1.0465508e+00	
   3.9420000e+05	   5.0668096e+03	   5.3602852e+02	  -1.0475399e+00	
   3.9510000e+05	   5.0693434e+03	   5.4256844e+02	  -1.0480394e+00	
   3.9600000e+05	   5.0736714e+03	   5.4875074e+02	  -1.0480715e+00	
   3.9690000e+05	   5.0828104e+03	   5.5295180e+02	  -1.0480230e+00	
   3.9780000e+05	   5.0952535e+03	   5.5448574e+02	  -1.0488418e+00	
   3.9870000e+05	   5.1064402e+03	   5.5555631e+02	  -1.0513165e+00	
   3.9960000e+05	   5.1119141e+03	   5.5995151e+02	  -1.0551606e+00	
   4.0050000e+05	   5.1121185e+03	   5.6959681e+02	  -1.0594762e+00	
   4.0140000e+05	   5.1104062e+03	   5.8298180e+02	  -1.0637585e+00	
   4.0230000e+05	   5.1074162e+03	   5.9695190e+02	  -1.0683551e+00	
   4.0320000e+05	   5.1022111e+03	   6.1013088e+02	  -1.0736807e+00	
   4.0410000e+05	   5.0940144e+03	   6.2303289e+02	  -1.0791468e+00	
   4.0500000e+05	   5.0807093e+03	   6.3250783e+02	  -1.0840774e+00	
   4.0590000e+05	   5.0607525e+03	   6.3278518e+02	  -1.0887818e+00	
   4.0680000e+05	   5.0360408e+03	   6.2792679e+02	  -1.0933180e+00	
   4.0770000e+05	   5.0089482e+03	   6.2749462e+02	  -1.0971471e+00	
   4.0860000e+05	   4.9825174e+03	   6.3140932e+02	  -1.1000319e+00	
   4.0950000e+05	   4.9611917e+03	   6.3395969e+02	  -1.1020186e+00	
   4.1040000e+05	   4.9467092e+03	   6.3423951e+02	  -1.1033667e+00	
   4.1130000e+05	   4.9380268e+03	   6.3439981e+02	  -1.1041155e+00	
   4.1220000e+05	   4.9327603e+03	   6.3273404e+02	  -1.1041726e+00	
   4.1310000e+05	   4.9279215e+03	   6.2504528e+02	  -1.1034853e+00	
   4.1400000e+05	   4.9213555e+03	   6.1173139e+02	  -1.1016395e+00	
   4.1490000e+05	   4.9116862e+03	   5.9667591e+02	  -1.0982278e+00	
   4.1580000e+05	   4.8984551e+03	   5.8412200e+02	  -1.0934321e+00	
   4.1670000e+05	   4.8837535e+03	   5.7651125e+02	  -1.0883191e+00	
   4.1760000e+05	   4.8701333e+03	   5.7149738e+02	  -1.0840354e+00	
   4.1850000e+05	   4.8579112e+03	   5.6597238e+02	  -1.0805338e+00	
   4.1940000e+05	   4.8486381e+03	   5.5950780e+02	  -1.0771301e+00	
   4.2030000e+05	   4.8455109e+03	   5.5246716e+02	  -1.0734020e+00	
   4.2120000e+05	   4.8489523e+03	   5.4498462e+02	  -1.0694970e+00	
   4.2210000e+05	   4.8564485e+03	   5.3743950e+02	  -1.0656904e+00	
   4.2300000e+05	   4.8658110e+03	   5.3036237e+02	  -1.0622083e+00	
   4.2390000e+05	   4.8768201e+03	   5.2409325e+02	  -1.0595638e+00	
   4.2480000e+05	   4.8918972e+03	   5.1991038e+02	  -1.0580534e+00	
   4.2570000e+05	   4.9135105e+03	   5.1908257e+02	  -1.0575872e+00	
   4.2660000e+05	   4.9408915e+03	   5.1909971e+02	  -1.0578877e+00	
   4.2750000e+05	   4.9717705e+03	   5.1701072e+02	  -1.0585999e+00	
   4.2840000e+05	   5.0024787e+03	   5.1356384e+02	  -1.0595391e+00	
   4.2930000e+05	   5.0294454e+03	   5.0972517e+02	  -1.0605533e+00	
   4.3020000e+05	   5.0524533e+03	   5.0483151e+02	  -1.0612599e+00	
   4.3110000e+05	   5.0729833e+03	   4.9874307e+02	  -1.0615790e+00	
   4.3200000e+05	   5.0900661e+03	   4.9117057e+02	  -1.0619287e+00	
   4.3290000e+05	   5.1018821e+03	   4.8072082e+02	  -1.0625869e+00	
   4.3380000e+05	   5.1098121e+03	   4.6934391e+02	  -1.0635714e+00	
   4.3470000e+05	   5.1155396e+03	   4.6141945e+02	  -1.0650698e+00	
   4.3560000e+05	   5.1187261e+03	   4.5767304e+02	  -1.0673563e+00	
   4.3650000e+05	   5.1196033e+03	   4.5715607e+02	  -1.0698907e+00	
   4.3740000e+05	   5.1186822e+03	   4.5847109e+02	  -1.0714077e+00	
   4.3830000e+05	   5.1155438e+03	   4.5902378e+02	  -1.0711866e+00	
   4.3920000e+05	   5.1107434e+03	   4.5767840e+02	  -1.0690833e+00	
   4.4010000e+05	   5.1053750e+03	   4.5378960e+02	  -1.0656463e+00	
   4.4100000e+05	   5.0984560e+03	   4.4696464e+02	  -1.0622572e+00	
   4.4190000e+05	   5.0889618e+03	   4.3827213e+02	  -1.0596611e+00	
   4.4280000e+05	   5.0789430e+03	   4.2894351e+02	  -1.0576214e+00	
   4.4370000e+05	   5.0705183e+03	   4.2065912e+02	  -1.0555951e+00	
   4.4460000e+05	   5.0641801e+03	   4.1842863e+02	  -1.0533402e+00	
   4.4550000e+05	   5.0605981e+03	   4.2571589e+02	  -1.0510252e+00	
   4.4640000e+05	   5.0605966e+03	   4.3772758e+02	  -1.0480755e+00	
   4.4730000e+05	   5.0646261e+03	   4.4788991e+02	  -1.0437007e+00	
   4.4820000e+05	   5.0724818e+03	   4.5448107e+02	  -1.0384039e+00	
   4.4910000e+05	   5.0847909e+03	   4.5809895e+02	  -1.0331505e+00	
   4.5000000e+05	   5.1027001e+03	   4.5932022e+02	  -1.0287827e+00	
   4.5090000e+05	   5.1241135e+03	   4.5889503e+02	  -1.0258966e+00	
   4.5180000e+05	   5.1454365e+03	   4.5828053e+02	  -1.0246760e+00	
   4.5270000e+05	   5.1661480e+03	   4.5907119e+02	  -1.0249480e+00	
   4.5360000e+05	   5.1869773e+03	   4.6084810e+02	  -1.0258833e+00	
   4.5450000e+05	   5.2069403e+03	   4.6122037e+02	  -1.0272549e+00	
   4.5540000e+05	   5.2258663e+03	   4.5791258e+02	  -1.0298092e+00	
   4.5630000e+05	   5.2448835e+03	   4.5198352e+02	  -1.0335848e+00	
   4.5720000e+05	   5.2619607e+03	   4.4720898e+02	  -1.0377139e+00	
   4.5810000e+05	   5.2747100e+03	   4.4377369e+02	  -1.0415824e+00	
   4.5900000e+05	   5.2854201e+03	   4.3735027e+02	  -1.0452411e+00	
   4.5990000e+05	   5.2957309e+03	   4.2607333e+02	  -1.0488512e+00	
   4.6080000e+05	   5.3036156e+03	   4.1368531e+02	  -1.0524336e+00	
   4.6170000e+05	   5.3089218e+03	   4.0333957e+02	  -1.0559498e+00	
   4.6260000e+05	   5.3131434e+03	   3.9429356e+02	  -1.0591528e+00	
   4.6350000e+05	   5.3158902e+03	   3.8773839e+02	  -1.0616725e+00	
   4.6440000e+05	   5.3173845e+03	   3.8810068e+02	  -1.0632267e+00	
   4.6530000e+05	   5.3182150e+03	   3.9572904e+02	  -1.0639336e+00	
   4.6620000e+05	   5.3169468e+03	   4.0615532e+02	  -1.0643348e+00	
   4.6710000e+05	   5.3112883e+03	   4.1539726e+02	  -1.0647854e+00	
   4.6800000e+05	   5.2985749e+03	   4.2270769e+02	  -1.0656188e+00	
   4.6890000e+05	   5.2784772e+03	   4.2745994e+02	  -1.0673866e+00	
   4.6980000e+05	   5.2551925e+03	   4.2760987e+02	  -1.0700614e+00	
   4.7070000e+05	   5.2314650e+03	   4.2386465e+02	  -1.0730681e+00	
   4.7160000e+05	   5.2066174e+03	   4.1842615e+02	  -1.0761821e+00	
   4.7250000e+05	   5.1802423e+03	   4.1202081e+02	  -1.0794376e+00	
   4.7340000e+05	   5.1508497e+03	   4.0455382e+02	  -1.0827129e+00	
   4.7430000e+05	   5.1162298e+03	   3.9548403e+02	  -1.0857967e+00	
   4.7520000e+05	   5.0784143e+03	   3.8376463e+02	  -1.0882459e+00	
   4.7610000e+05	   5.0412948e+03	   3.7007587e+02	  -1.0896207e+00	
   4.7700000e+05	   5.0052176e+03	   3.5900135e+02	  -1.0901611e+00	
   4.7790000e+05	   4.9690618e+03	   3.5355715e+02	  -1.0904940e+00	
   4.7880000e+05	   4.9324545e+03	   3.5076791e+02	  -1.0904682e+00	
   4.7970000e+05	   4.8925187e+03	   3.4661140e+02	  -1.0893253e+00	
   4.8060000e+05	   4.8461019e+03	   3.4165215e+02	  -1.0869279e+00	
   4.8150000e+05	   4.7965226e+03	   3.3923896e+02	  -1.0835843e+00	
   4.8240000e+05	   4.7505618e+03	   3.4063020e+02	  -1.0793252e+00	
   4.8330000e+05	   4.7090597e+03	   3.4538547e+02	  -1.0739508e+00	
   4.8420000e+05	   4.6691754e+03	   3.5564222e+02	  -1.0675211e+00	
   4.8510000e+05	   4.6315040e+03	   3.7177632e+02	  -1.0605777e+00	
   4.8600000e+05	   4.5987593e+03	   3.9028021e+02	  -1.0538639e+00	
   4.8690000e+05	   4.5739157e+03	   4.0952598e+02	  -1.0475737e+00	
   4.8780000e+05	   4.5580204e+03	   4.2734508e+02	  -1.0411726e+00	
   4.8870000e+05	   4.5481348e+03	   4.3995426e+02	  -1.0342768e+00	
   4.8960000e+05	   4.5413305e+03	   4.4847950e+02	  -1.0272068e+00	
   4.9050000e+05	   4.5379363e+03	   4.5649064e+02	  -1.0201885e+00	
   4.9140000e+05	   4.5379189e+03	   4.6269929e+02	  -1.0130448e+00	
   4.9230000e+05	   4.5418278e+03	   4.6334835e+02	  -1.0062109e+00	
   4.9320000e+05	   4.5522175e+03	   4.6059223e+02	  -1.0012544e+00	
   4.9410000e+05	   4.5669503e+03	   4.5996926e+02	  -9.9880459e-01	
   4.9500000e+05	   4.5802144e+03	   4.6206489e+02	  -9.9780831e-01	
   4.9590000e+05	   4.5908758e+03	   4.6606492e+02	  -9.9745508e-01	
   4.9680000e+05	   4.6011732e+03	   4.7355492e+02	  -9.9734931e-01	
   4.9770000e+05	   4.6115481e+03	   4.8409454e+02	  -9.9756713e-01	
   4.9860000e+05	   4.6214723e+03	   4.9451338e+02	  -9.9874028e-01	
   4.9950000e+05	   4.6302424e+03	   5.0263279e+02	  -1.0006978e+00	
   5.0040000e+05	   4.6350656e+03	   5.0896575e+02	  -1.0028737e+00	
   5.0130000e+05	   4.6345127e+03	   5.1491861e+02	  -1.0052328e+00	
   5.0220000e+05	   4.6309136e+03	   5.2084809e+02	  -1.0077579e+00	
   5.0310000e+05	   4.6258344e+03	   5.2663407e+02	  -1.0103020e+00	
   5.0400000e+05	   4.6197779e+03	   5.3247259e+02	  -1.0127756e+00	
   5.0490000e+05	   4.6131217e+03	   5.3864194e+02	  -1.0150425e+00	
   5.0580000e+05	   4.6048620e+03	   5.4483438e+02	  -1.0166572e+00	
   5.0670000e+05	   4.5939251e+03	   5.5039542e+02	  -1.0173301e+00	
   5.0760000e+05	   4.5805054e+03	   5.5566859e+02	  -1.0177766e+00	
   5.0850000e+05	   4.5651152e+03	   5.6122496e+02	  -1.0188826e+00	
   5.0940000e+05	   4.5480617e+03	   5.6701259e+02	  -1.0208258e+00	
   5.1030000e+05	   4.5296503e+03	   5.7282331e+02	  -1.0235438e+00	
   5.1120000e+05	   4.5101929e+03	   5.7843696e+02	  -1.0269748e+00	
   5.1210000e+05	   4.4900479e+03	   5.8357999e+02	  -1.0310643e+00	
   5.1300000e+05	   4.4695627e+03	   5.8800346e+02	  -1.0358074e+00	
   5.1390000e+05	   4.4486537e+03	   5.9131744e+02	  -1.0411971e+00	
   5.1480000e+05	   4.4269824e+03	   5.9306445e+02	  -1.0471938e+00	
   5.1570000e+05	   4.4032776e+03	   5.9403388e+02	  -1.0534201e+00	
   5.1660000e+05	   4.3754649e+03	   5.9593150e+02	  -1.0592243e+00	
   5.1750000e+05	   4.3439211e+03	   5.9851253e+02	  -1.0646787e+00	
   5.1840000e+05	   4.3112683e+03	   6.0017490e+02	  -1.0704875e+00	
   5.1930000e+05	   4.2789238e+03	   6.0056752e+02	  -1.0769479e+00	
   5.2020000e+05	   4.2467429e+03	   6.0041298e+02	  -1.0839038e+00	
   5.2110000e+05	   4.2144097e+03	   6.0043596e+02	  -1.0911455e+00	
   5.2200000e+05	   4.1816543e+03	   6.0132580e+02	  -1.0984807e+00	
   5.2290000e+05	   4.1483015e+03	   6.0367840e+02	  -1.1057220e+00	
   5.2380000e+05	   4.1143696e+03	   6.0790126e+02	  -1.1126446e+00	
   5.2470000e+05	   4.0797005e+03	   6.1405364e+02	  -1.1191408e+00	
   5.2560000e+05	   4.0440392e+03	   6.2192146e+02	  -1.1252219e+00	
   5.2650000e+05	   4.0073390e+03	   6.3123044e+02	  -1.1309070e+00	
   5.2740000e+05	   3.9696771e+03	   6.4166681e+02	  -1.1362272e+00	
   5.2830000e+05	   3.9311373e+03	   6.5291615e+02	  -1.1412190e+00	
   5.2920000e+05	   3.8918083e+03	   6.6467252e+02	  -1.1459185e+00	
   5.3010000e+05	   3.8517834e+03	   6.7663713e+02	  -1.1503609e+00	
   5.3100000e+05	   3.8111606e+03	   6.8851703e+02	  -1.1545814e+00	
   5.3190000e+05	   3.7700598e+03	   7.0001713e+02	  -1.1586156e+00	
   5.3280000e+05	   3.7286452e+03	   7.1083007e+02	  -1.1625015e+00	
   5.3370000e+05	   3.6870916e+03	   7.2064906e+02	  -1.1662776e+00	
   5.3460000e+05	   3.6455768e+03	   7.2916450e+02	  -1.1699814e+00	
   5.3550000e+05	   3.6042542e+03	   7.3600372e+02	  -1.1736315e+00	
   5.3640000e+05	   3.5632660e+03	   7.4076045e+02	  -1.1772337e+00	
   5.3730000e+05	   3.5227623e+03	   7.4303536e+02	  -1.1807904e+00	
   5.3820000e+05	   3.4829036e+03	   7.4243876e+02	  -1.1842993e+00	
   5.3910000e+05	   3.4438719e+03	   7.3863090e+02	  -1.1877591e+00	
   5.4000000e+05	   3.4060143e+03	   7.3169873e+02	  -1.1912220e+00	
   5.4090000e+05	   3.3698812e+03	   7.2236929e+02	  -1.1945587e+00	
   5.4180000e+05	   3.3359480e+03	   7.1172908e+02	  -1.1974302e+00	
   5.4270000e+05	   3.3045593e+03	   7.0090933e+02	  -1.1994550e+00	
   5.4360000e+05	   3.2762129e+03	   6.9105105e+02	  -1.2002137e+00	
   5.4450000e+05	   3.2514881e+03	   6.8332999e+02	  -1.1992713e+00	
   5.4540000e+05	   3.2307275e+03	   6.7892904e+02	  -1.1962153e+00	
   5.4630000e+05	   3.2139450e+03	   6.7857203e+02	  -1.1909447e+00	
   5.4720000e+05	   3.2009951e+03	   6.8260545e+02	  -1.1836169e+00	
