   0.0000000e+00	   7.0081565e+02	   2.8251283e+02	   1.0154777e+00	
   9.0000000e+02	   7.1910121e+02	   2.6585623e+02	   1.0195782e+00	
   1.8000000e+03	   7.3249124e+02	   2.5522893e+02	   1.0274109e+00	
   2.7000000e+03	   7.4289888e+02	   2.5207949e+02	   1.0369520e+00	
   3.6000000e+03	   7.5340393e+02	   2.5428750e+02	   1.0471546e+00	
   4.5000000e+03	   7.6647941e+02	   2.5690307e+02	   1.0593029e+00	
   5.4000000e+03	   7.7963310e+02	   2.5737430e+02	   1.0707366e+00	
   6.3000000e+03	   7.8937464e+02	   2.5641017e+02	   1.0746359e+00	
   7.2000000e+03	   7.9724834e+02	   2.5770836e+02	   1.0697341e+00	
   8.1000000e+03	   8.0701640e+02	   2.6521958e+02	   1.0624885e+00	
   9.0000000e+03	   8.1795873e+02	   2.7643853e+02	   1.0615333e+00	
   9.9000000e+03	   8.2812194e+02	   2.8509700e+02	   1.0707184e+00	
   1.0800000e+04	   8.3884792e+02	   2.9012066e+02	   1.0858700e+00	
   1.1700000e+04	   8.4943137e+02	   2.9421554e+02	   1.0987070e+00	
   1.2600000e+04	   8.5343130e+02	   2.9647115e+02	   1.1040488e+00	
   1.3500000e+04	   8.4906332e+02	   2.9378713e+02	   1.1032107e+00	
   1.4400000e+04	   8.4467616e+02	   2.8947196e+02	   1.1010936e+00	
   1.5300000e+04	   8.4600829e+02	   2.8955156e+02	   1.0998472e+00	
   1.6200000e+04	   8.5470634e+02	   2.9236489e+02	   1.0985438e+00	
   1.7100000e+04	   8.7131315e+02	   2.9306288e+02	   1.1001219e+00	
   1.8000000e+04	   8.9069447e+02	   2.9114210e+02	   1.1097694e+00	
   1.8900000e+04	   9.0599836e+02	   2.8707720e+02	   1.1283650e+00	
   1.9800000e+04	   9.1357268e+02	   2.7971214e+02	   1.1535785e+00	
   2.0700000e+04	   9.1541086e+02	   2.6691089e+02	   1.1798118e+00	
   2.1600000e+04	   9.1896692e+02	   2.4879523e+02	   1.1978128e+00	
   2.2500000e+04	   9.3192653e+02	   2.3142374e+02	   1.2025649e+00	
   2.3400000e+04	   9.5797138e+02	   2.1816712e+02	   1.1963740e+00	
   2.4300000e+04	   9.9354136e+02	   2.0587736e+02	   1.1900603e+00	
   2.5200000e+04	   1.0308726e+03	   1.9382861e+02	   1.1964696e+00	
   2.6100000e+04	   1.0646951e+03	   1.8827449e+02	   1.2130213e+00	
   2.7000000e+04	   1.0916730e+03	   1.8923563e+02	   1.2243099e+00	
   2.7900000e+04	   1.1141001e+03	   1.9299330e+02	   1.2266388e+00	
   2.8800000e+04	   1.1379786e+03	   1.9626150e+02	   1.2300824e+00	
   2.9700000e+04	   1.1641095e+03	   1.9393520e+02	   1.2393505e+00	
   3.0600000e+04	   1.1917105e+03	   1.8701272e+02	   1.2497555e+00	
   3.1500000e+04	   1.2202037e+03	   1.8077567e+02	   1.2569744e+00	
   3.2400000e+04	   1.2472291e+03	   1.7586556e+02	   1.2636723e+00	
   3.3300000e+04	   1.2727037e+03	   1.6809300e+02	   1.2743360e+00	
   3.4200000e+04	   1.2984895e+03	   1.5866844e+02	   1.2877338e+00	
   3.5100000e+04	   1.3235452e+03	   1.5374639e+02	   1.2989133e+00	
   3.6000000e+04	   1.3456451e+03	   1.5257829e+02	   1.3049176e+00	
   3.6900000e+04	   1.3637483e+03	   1.4915563e+02	   1.3076935e+00	
   3.7800000e+04	   1.3786525e+03	   1.4169250e+02	   1.3112912e+00	
   3.8700000e+04	   1.3939554e+03	   1.3160161e+02	   1.3166796e+00	
   3.9600000e+04	   1.4143496e+03	   1.2046419e+02	   1.3225086e+00	
   4.0500000e+04	   1.4414214e+03	   1.0975930e+02	   1.3292436e+00	
   4.1400000e+04	   1.4711895e+03	   1.0100663e+02	   1.3395970e+00	
   4.2300000e+04	   1.4995800e+03	   9.5791749e+01	   1.3537233e+00	
   4.3200000e+04	   1.5280389e+03	   9.4207355e+01	   1.3678440e+00	
   4.4100000e+04	   1.5592047e+03	   9.4608790e+01	   1.3795423e+00	
   4.5000000e+04	   1.5924246e+03	   9.5849005e+01	   1.3888913e+00	
   4.5900000e+04	   1.6258608e+03	   9.8703919e+01	   1.3957472e+00	
   4.6800000e+04	   1.6572610e+03	   1.0420962e+02	   1.3993350e+00	
   4.7700000e+04	   1.6848194e+03	   1.1292458e+02	   1.3999086e+00	
   4.8600000e+04	   1.7096792e+03	   1.2374025e+02	   1.3996182e+00	
   4.9500000e+04	   1.7338977e+03	   1.3549545e+02	   1.3994741e+00	
   5.0400000e+04	   1.7573745e+03	   1.4710104e+02	   1.3989731e+00	
   5.1300000e+04	   1.7786528e+03	   1.5570047e+02	   1.3984893e+00	
   5.2200000e+04	   1.7982304e+03	   1.6075140e+02	   1.3987713e+00	
   5.3100000e+04	   1.8198707e+03	   1.6338512e+02	   1.3997305e+00	
   5.4000000e+04	   1.8481116e+03	   1.6457852e+02	   1.3999773e+00	
   5.4900000e+04	   1.8844147e+03	   1.6555243e+02	   1.3983052e+00	
   5.5800000e+04	   1.9256013e+03	   1.6534269e+02	   1.3959411e+00	
   5.6700000e+04	   1.9655304e+03	   1.6103560e+02	   1.3948842e+00	
   5.7600000e+04	   1.9995526e+03	   1.5521919e+02	   1.3953877e+00	
   5.8500000e+04	   2.0289015e+03	   1.5283637e+02	   1.3972610e+00	
   5.9400000e+04	   2.0581898e+03	   1.5143800e+02	   1.4003838e+00	
   6.0300000e+04	   2.0881874e+03	   1.4590712e+02	   1.4040810e+00	
   6.1200000e+04	   2.1158161e+03	   1.3739255e+02	   1.4080988e+00	
   6.2100000e+04	   2.1396012e+03	   1.2973400e+02	   1.4127662e+00	
   6.3000000e+04	   2.1595387e+03	   1.2472690e+02	   1.4185343e+00	
   6.3900000e+04	   2.1761039e+03	   1.2202922e+02	   1.4259021e+00	
   6.4800000e+04	   2.1926218e+03	   1.2207523e+02	   1.4349063e+00	
   6.5700000e+04	   2.2133315e+03	   1.2508451e+02	   1.4446072e+00	
   6.6600000e+04	   2.2398993e+03	   1.2998160e+02	   1.4519765e+00	
   6.7500000e+04	   2.2726678e+03	   1.3714339e+02	   1.4540385e+00	
   6.8400000e+04	   2.3109148e+03	   1.4628740e+02	   1.4527235e+00	
   6.9300000e+04	   2.3521433e+03	   1.5409821e+02	   1.4520800e+00	
   7.0200000e+04	   2.3946788e+03	   1.6005466e+02	   1.4521578e+00	
   7.1100000e+04	   2.4369745e+03	   1.6674865e+02	   1.4507099e+00	
   7.2000000e+04	   2.4760590e+03	   1.7481737e+02	   1.4480544e+00	
   7.2900000e+04	   2.5105535e+03	   1.8228223e+02	   1.4467541e+00	
   7.3800000e+04	   2.5377984e+03	   1.8708917e+02	   1.4470421e+00	
   7.4700000e+04	   2.5527948e+03	   1.8815992e+02	   1.4470280e+00	
   7.5600000e+04	   2.5568720e+03	   1.8802033e+02	   1.4469893e+00	
   7.6500000e+04	   2.5568553e+03	   1.9007681e+02	   1.4488700e+00	
   7.7400000e+04	   2.5578663e+03	   1.9482234e+02	   1.4536546e+00	
   7.8300000e+04	   2.5616065e+03	   2.0140568e+02	   1.4608845e+00	
   7.9200000e+04	   2.5684561e+03	   2.0891104e+02	   1.4693226e+00	
   8.0100000e+04	   2.5783181e+03	   2.1659354e+02	   1.4778589e+00	
   8.1000000e+04	   2.5907407e+03	   2.2393806e+02	   1.4856426e+00	
   8.1900000e+04	   2.6070418e+03	   2.3058433e+02	   1.4923946e+00	
   8.2800000e+04	   2.6293680e+03	   2.3577688e+02	   1.4980790e+00	
   8.3700000e+04	   2.6573812e+03	   2.3775981e+02	   1.5023881e+00	
   8.4600000e+04	   2.6886576e+03	   2.3760454e+02	   1.5056525e+00	
   8.5500000e+04	   2.7215037e+03	   2.3761904e+02	   1.5091738e+00	
   8.6400000e+04	   2.7557170e+03	   2.3791747e+02	   1.5147652e+00	
   8.7300000e+04	   2.7894715e+03	   2.3865191e+02	   1.5225126e+00	
   8.8200000e+04	   2.8179603e+03	   2.4039086e+02	   1.5307722e+00	
   8.9100000e+04	   2.8384291e+03	   2.4289005e+02	   1.5384341e+00	
   9.0000000e+04	   2.8537247e+03	   2.4581741e+02	   1.5452370e+00	
   9.0900000e+04	   2.8664784e+03	   2.4900176e+02	   1.5518372e+00	
   9.1800000e+04	   2.8732400e+03	   2.5234427e+02	   1.5598030e+00	
   9.2700000e+04	   2.8714319e+03	   2.5544068e+02	   1.5705783e+00	
   9.3600000e+04	   2.8677730e+03	   2.5774202e+02	  -1.5569063e+00	
   9.4500000e+04	   2.8716875e+03	   2.5939289e+02	  -1.5410421e+00	
   9.5400000e+04	   2.8875336e+03	   2.6059660e+02	  -1.5267020e+00	
   9.6300000e+04	   2.9145814e+03	   2.6114294e+02	  -1.5157149e+00	
   9.7200000e+04	   2.9481914e+03	   2.6175006e+02	  -1.5075768e+00	
   9.8100000e+04	   2.9841870e+03	   2.6340328e+02	  -1.4999771e+00	
   9.9000000e+04	   3.0224121e+03	   2.6731986e+02	  -1.4902410e+00	
   9.9900000e+04	   3.0609707e+03	   2.7472814e+02	  -1.4795012e+00	
   1.0080000e+05	   3.0947423e+03	   2.8193583e+02	  -1.4711304e+00	
   1.0170000e+05	   3.1226828e+03	   2.8612403e+02	  -1.4644022e+00	
   1.0260000e+05	   3.1483087e+03	   2.8670333e+02	  -1.4560048e+00	
   1.0350000e+05	   3.1761722e+03	   2.8318576e+02	  -1.4456147e+00	
   1.0440000e+05	   3.2061193e+03	   2.7745833e+02	  -1.4352292e+00	
   1.0530000e+05	   3.2309337e+03	   2.7187813e+02	  -1.4262405e+00	
   1.0620000e+05	   3.2472160e+03	   2.6770130e+02	  -1.4190211e+00	
   1.0710000e+05	   3.2597954e+03	   2.6487650e+02	  -1.4131263e+00	
   1.0800000e+05	   3.2734722e+03	   2.6238429e+02	  -1.4078271e+00	
   1.0890000e+05	   3.2875923e+03	   2.5946459e+02	  -1.4028585e+00	
   1.0980000e+05	   3.2998654e+03	   2.5608434e+02	  -1.3983498e+00	
   1.1070000e+05	   3.3103796e+03	   2.5263821e+02	  -1.3945095e+00	
   1.1160000e+05	   3.3203744e+03	   2.5002339e+02	  -1.3914697e+00	
   1.1250000e+05	   3.3307237e+03	   2.4909287e+02	  -1.3891936e+00	
   1.1340000e+05	   3.3416768e+03	   2.4871633e+02	  -1.3874309e+00	
   1.1430000e+05	   3.3533045e+03	   2.4674142e+02	  -1.3857048e+00	
   1.1520000e+05	   3.3649785e+03	   2.4415449e+02	  -1.3831608e+00	
   1.1610000e+05	   3.3754910e+03	   2.4316482e+02	  -1.3794283e+00	
   1.1700000e+05	   3.3839866e+03	   2.4256548e+02	  -1.3750086e+00	
   1.1790000e+05	   3.3869463e+03	   2.3907311e+02	  -1.3700072e+00	
   1.1880000e+05	   3.3808772e+03	   2.3353850e+02	  -1.3636767e+00	
   1.1970000e+05	   3.3697794e+03	   2.2969053e+02	  -1.3555658e+00	
   1.2060000e+05	   3.3605789e+03	   2.2869789e+02	  -1.3467202e+00	
   1.2150000e+05	   3.3556669e+03	   2.3072538e+02	  -1.3388099e+00	
   1.2240000e+05	   3.3549431e+03	   2.3517029e+02	  -1.3319377e+00	
   1.2330000e+05	   3.3561509e+03	   2.3868022e+02	  -1.3248996e+00	
   1.2420000e+05	   3.3557658e+03	   2.3890456e+02	  -1.3175695e+00	
   1.2510000e+05	   3.3549435e+03	   2.3705949e+02	  -1.3107442e+00	
   1.2600000e+05	   3.3602007e+03	   2.3508231e+02	  -1.3044346e+00	
   1.2690000e+05	   3.3746149e+03	   2.3384111e+02	  -1.2983243e+00	
   1.2780000e+05	   3.3928948e+03	   2.3343394e+02	  -1.2923789e+00	
   1.2870000e+05	   3.4076746e+03	   2.3414870e+02	  -1.2864211e+00	
   1.2960000e+05	   3.4162381e+03	   2.3785158e+02	  -1.2799136e+00	
   1.3050000e+05	   3.4228655e+03	   2.4494524e+02	  -1.2726159e+00	
   1.3140000e+05	   3.4330584e+03	   2.5208221e+02	  -1.2652360e+00	
   1.3230000e+05	   3.4463261e+03	   2.5672471e+02	  -1.2586732e+00	
   1.3320000e+05	   3.4597942e+03	   2.5982948e+02	  -1.2532070e+00	
   1.3410000e+05	   3.4713691e+03	   2.6272101e+02	  -1.2483503e+00	
   1.3500000e+05	   3.4798468e+03	   2.6773001e+02	  -1.2425691e+00	
   1.3590000e+05	   3.4876557e+03	   2.7642688e+02	  -1.2344201e+00	
   1.3680000e+05	   3.4992475e+03	   2.8556140e+02	  -1.2243109e+00	
   1.3770000e+05	   3.5157389e+03	   2.9107244e+02	  -1.2134710e+00	
   1.3860000e+05	   3.5339649e+03	   2.9293108e+02	  -1.2025396e+00	
   1.3950000e+05	   3.5513697e+03	   2.9363826e+02	  -1.1916819e+00	
   1.4040000e+05	   3.5691069e+03	   2.9837225e+02	  -1.1799713e+00	
   1.4130000e+05	   3.5880339e+03	   3.1044906e+02	  -1.1662643e+00	
   1.4220000e+05	   3.6043185e+03	   3.2215653e+02	  -1.1531353e+00	
   1.4310000e+05	   3.6148424e+03	   3.2340031e+02	  -1.1443843e+00	
   1.4400000e+05	   3.6256010e+03	   3.1916087e+02	  -1.1386322e+00	
   1.4490000e+05	   3.6452093e+03	   3.1911182e+02	  -1.1324400e+00	
   1.4580000e+05	   3.6723877e+03	   3.2261327e+02	  -1.1253150e+00	
   1.4670000e+05	   3.6987489e+03	   3.2505468e+02	  -1.1181471e+00	
   1.4760000e+05	   3.7203428e+03	   3.2685200e+02	  -1.1112001e+00	
   1.4850000e+05	   3.7396939e+03	   3.3086532e+02	  -1.1046719e+00	
   1.4940000e+05	   3.7592815e+03	   3.3785937e+02	  -1.0986646e+00	
   1.5030000e+05	   3.7777831e+03	   3.4633600e+02	  -1.0923555e+00	
   1.5120000e+05	   3.7933018e+03	   3.5431256e+02	  -1.0849688e+00	
   1.5210000e+05	   3.8057159e+03	   3.6117673e+02	  -1.0766973e+00	
   1.5300000e+05	   3.8147427e+03	   3.6682122e+02	  -1.0678675e+00	
   1.5390000e+05	   3.8225987e+03	   3.7003093e+02	  -1.0585906e+00	
   1.5480000e+05	   3.8345982e+03	   3.6972305e+02	  -1.0491955e+00	
   1.5570000e+05	   3.8514417e+03	   3.6674133e+02	  -1.0400595e+00	
   1.5660000e+05	   3.8689709e+03	   3.6289186e+02	  -1.0314017e+00	
   1.5750000e+05	   3.8856533e+03	   3.5957545e+02	  -1.0236403e+00	
   1.5840000e+05	   3.9035290e+03	   3.5820322e+02	  -1.0175675e+00	
   1.5930000e+05	   3.9229450e+03	   3.5872035e+02	  -1.0129426e+00	
   1.6020000e+05	   3.9419903e+03	   3.5908455e+02	  -1.0082371e+00	
   1.6110000e+05	   3.9613527e+03	   3.5722691e+02	  -1.0024742e+00	
   1.6200000e+05	   3.9822317e+03	   3.5313626e+02	  -9.9591265e-01	
   1.6290000e+05	   4.0022896e+03	   3.4871138e+02	  -9.8975996e-01	
   1.6380000e+05	   4.0196263e+03	   3.4329549e+02	  -9.8501211e-01	
   1.6470000e+05	   4.0349504e+03	   3.3460897e+02	  -9.8126935e-01	
   1.6560000e+05	   4.0485196e+03	   3.2386684e+02	  -9.7756270e-01	
   1.6650000e+05	   4.0604993e+03	   3.1481381e+02	  -9.7395398e-01	
   1.6740000e+05	   4.0735575e+03	   3.1077573e+02	  -9.7117087e-01	
   1.6830000e+05	   4.0897365e+03	   3.1191302e+02	  -9.6875241e-01	
   1.6920000e+05	   4.1087644e+03	   3.1517833e+02	  -9.6584134e-01	
   1.7010000e+05	   4.1301670e+03	   3.1906727e+02	  -9.6289497e-01	
   1.7100000e+05	   4.1508167e+03	   3.2270945e+02	  -9.6040136e-01	
   1.7190000e+05	   4.1670537e+03	   3.2412327e+02	  -9.5800428e-01	
   1.7280000e+05	   4.1800505e+03	   3.2220427e+02	  -9.5556646e-01	
   1.7370000e+05	   4.1931449e+03	   3.1591416e+02	  -9.5344344e-01	
   1.7460000e+05	   4.2071520e+03	   3.0815393e+02	  -9.5191111e-01	
   1.7550000e+05	   4.2201943e+03	   3.0503486e+02	  -9.5127286e-01	
   1.7640000e+05	   4.2309306e+03	   3.0473061e+02	  -9.5192666e-01	
   1.7730000e+05	   4.2389681e+03	   3.0128440e+02	  -9.5335373e-01	
   1.7820000e+05	   4.2435287e+03	   2.9608519e+02	  -9.5436768e-01	
   1.7910000e+05	   4.2462358e+03	   2.9207456e+02	  -9.5478037e-01	
   1.8000000e+05	   4.2506534e+03	   2.8814728e+02	  -9.5493374e-01	
   1.8090000e+05	   4.2571518e+03	   2.8239821e+02	  -9.5445449e-01	
   1.8180000e+05	   4.2641411e+03	   2.7719720e+02	  -9.5318318e-01	
   1.8270000e+05	   4.2684903e+03	   2.7648538e+02	  -9.5198359e-01	
   1.8360000e+05	   4.2661290e+03	   2.7722524e+02	  -9.5180978e-01	
   1.8450000e+05	   4.2582378e+03	   2.7391134e+02	  -9.5173225e-01	
   1.8540000e+05	   4.2488437e+03	   2.6820399e+02	  -9.4985612e-01	
   1.8630000e+05	   4.2399489e+03	   2.6233563e+02	  -9.4585313e-01	
   1.8720000e+05	   4.2337118e+03	   2.5582732e+02	  -9.4080787e-01	
   1.8810000e+05	   4.2330588e+03	   2.4991863e+02	  -9.3580329e-01	
   1.8900000e+05	   4.2389055e+03	   2.4408967e+02	  -9.3142563e-01	
   1.8990000e+05	   4.2489829e+03	   2.3585445e+02	  -9.2726181e-01	
   1.9080000e+05	   4.2613274e+03	   2.2821595e+02	  -9.2209745e-01	
   1.9170000e+05	   4.2771490e+03	   2.2545517e+02	  -9.1639886e-01	
   1.9260000e+05	   4.2965196e+03	   2.2571668e+02	  -9.1225724e-01	
   1.9350000e+05	   4.3169411e+03	   2.2608525e+02	  -9.0988873e-01	
   1.9440000e+05	   4.3388808e+03	   2.2670261e+02	  -9.0729240e-01	
   1.9530000e+05	   4.3642027e+03	   2.2732762e+02	  -9.0311680e-01	
   1.9620000e+05	   4.3904020e+03	   2.2786144e+02	  -8.9840500e-01	
   1.9710000e+05	   4.4132842e+03	   2.2929465e+02	  -8.9540254e-01	
   1.9800000e+05	   4.4312889e+03	   2.3202683e+02	  -8.9490216e-01	
   1.9890000e+05	   4.4448002e+03	   2.3670035e+02	  -8.9591080e-01	
   1.9980000e+05	   4.4551765e+03	   2.4336500e+02	  -8.9688919e-01	
   2.0070000e+05	   4.4634228e+03	   2.5001755e+02	  -8.9681281e-01	
   2.0160000e+05	   4.4682335e+03	   2.5499583e+02	  -8.9588208e-01	
   2.0250000e+05	   4.4690450e+03	   2.5821697e+02	  -8.9472264e-01	
   2.0340000e+05	   4.4685169e+03	   2.6156021e+02	  -8.9347285e-01	
   2.0430000e+05	   4.4680857e+03	   2.6710477e+02	  -8.9253385e-01	
   2.0520000e+05	   4.4661184e+03	   2.7348473e+02	  -8.9226047e-01	
   2.0610000e+05	   4.4618394e+03	   2.7792612e+02	  -8.9230821e-01	
   2.0700000e+05	   4.4587269e+03	   2.8031576e+02	  -8.9256871e-01	
   2.0790000e+05	   4.4604482e+03	   2.8115065e+02	  -8.9309322e-01	
   2.0880000e+05	   4.4663108e+03	   2.8061418e+02	  -8.9322408e-01	
   2.0970000e+05	   4.4741598e+03	   2.7878143e+02	  -8.9240477e-01	
   2.1060000e+05	   4.4855625e+03	   2.7558547e+02	  -8.9109281e-01	
   2.1150000e+05	   4.5038959e+03	   2.7131707e+02	  -8.8967835e-01	
   2.1240000e+05	   4.5264953e+03	   2.7022228e+02	  -8.8823247e-01	
   2.1330000e+05	   4.5489361e+03	   2.7683783e+02	  -8.8700314e-01	
   2.1420000e+05	   4.5729768e+03	   2.8609929e+02	  -8.8615229e-01	
   2.1510000e+05	   4.6014733e+03	   2.9053643e+02	  -8.8572147e-01	
   2.1600000e+05	   4.6338504e+03	   2.9001211e+02	  -8.8580227e-01	
   2.1690000e+05	   4.6678535e+03	   2.8787573e+02	  -8.8631865e-01	
   2.1780000e+05	   4.7026463e+03	   2.8645201e+02	  -8.8674365e-01	
   2.1870000e+05	   4.7393923e+03	   2.8617962e+02	  -8.8681376e-01	
   2.1960000e+05	   4.7780701e+03	   2.8761757e+02	  -8.8719054e-01	
   2.2050000e+05	   4.8172267e+03	   2.9139097e+02	  -8.8878680e-01	
   2.2140000e+05	   4.8560687e+03	   2.9591223e+02	  -8.9187208e-01	
   2.2230000e+05	   4.8926689e+03	   2.9946937e+02	  -8.9593572e-01	
   2.2320000e+05	   4.9233009e+03	   3.0221923e+02	  -9.0049477e-01	
   2.2410000e+05	   4.9470758e+03	   3.0488457e+02	  -9.0545326e-01	
   2.2500000e+05	   4.9665348e+03	   3.0788334e+02	  -9.1060348e-01	
   2.2590000e+05	   4.9833494e+03	   3.1136635e+02	  -9.1574277e-01	
   2.2680000e+05	   4.9969716e+03	   3.1595104e+02	  -9.2091475e-01	
   2.2770000e+05	   5.0058829e+03	   3.2258613e+02	  -9.2640213e-01	
   2.2860000e+05	   5.0084571e+03	   3.3218607e+02	  -9.3259911e-01	
   2.2950000e+05	   5.0042003e+03	   3.4554768e+02	  -9.3984897e-01	
   2.3040000e+05	   4.9967692e+03	   3.5801646e+02	  -9.4819777e-01	
   2.3130000e+05	   4.9909565e+03	   3.6119491e+02	  -9.5695123e-01	
   2.3220000e+05	   4.9849054e+03	   3.5809227e+02	  -9.6506572e-01	
   2.3310000e+05	   4.9739178e+03	   3.5857462e+02	  -9.7188453e-01	
   2.3400000e+05	   4.9585507e+03	   3.6511279e+02	  -9.7730914e-01	
   2.3490000e+05	   4.9408819e+03	   3.7543271e+02	  -9.8180415e-01	
   2.3580000e+05	   4.9218064e+03	   3.8806463e+02	  -9.8587375e-01	
   2.3670000e+05	   4.9041428e+03	   4.0134250e+02	  -9.8998566e-01	
   2.3760000e+05	   4.8903601e+03	   4.1390997e+02	  -9.9460059e-01	
   2.3850000e+05	   4.8797173e+03	   4.2684555e+02	  -9.9985217e-01	
   2.3940000e+05	   4.8713198e+03	   4.4019170e+02	  -1.0054727e+00	
   2.4030000e+05	   4.8652792e+03	   4.5093466e+02	  -1.0108452e+00	
   2.4120000e+05	   4.8617369e+03	   4.5695537e+02	  -1.0155738e+00	
   2.4210000e+05	   4.8617657e+03	   4.5898175e+02	  -1.0196419e+00	
   2.4300000e+05	   4.8656605e+03	   4.6027104e+02	  -1.0231982e+00	
   2.4390000e+05	   4.8719502e+03	   4.6381704e+02	  -1.0265366e+00	
   2.4480000e+05	   4.8804337e+03	   4.6939294e+02	  -1.0298175e+00	
   2.4570000e+05	   4.8927397e+03	   4.7593314e+02	  -1.0328089e+00	
   2.4660000e+05	   4.9095795e+03	   4.8526356e+02	  -1.0351626e+00	
   2.4750000e+05	   4.9296537e+03	   4.9867264e+02	  -1.0369896e+00	
   2.4840000e+05	   4.9504147e+03	   5.1305047e+02	  -1.0390051e+00	
   2.4930000e+05	   4.9710734e+03	   5.2528737e+02	  -1.0419092e+00	
   2.5020000e+05	   4.9927604e+03	   5.3587769e+02	  -1.0458152e+00	
   2.5110000e+05	   5.0152298e+03	   5.4606326e+02	  -1.0504213e+00	
   2.5200000e+05	   5.0365545e+03	   5.5608359e+02	  -1.0553352e+00	
   2.5290000e+05	   5.0538564e+03	   5.6545321e+02	  -1.0603131e+00	
   2.5380000e+05	   5.0647386e+03	   5.7272860e+02	  -1.0655122e+00	
   2.5470000e+05	   5.0690694e+03	   5.7737344e+02	  -1.0711155e+00	
   2.5560000e+05	   5.0676313e+03	   5.8005288e+02	  -1.0769982e+00	
   2.5650000e+05	   5.0603893e+03	   5.8139256e+02	  -1.0830058e+00	
   2.5740000e+05	   5.0475731e+03	   5.8211512e+02	  -1.0889383e+00	
   2.5830000e+05	   5.0313264e+03	   5.8093494e+02	  -1.0947014e+00	
   2.5920000e+05	   5.0142572e+03	   5.7507790e+02	  -1.1003303e+00	
   2.6010000e+05	   4.9968197e+03	   5.6510777e+02	  -1.1056458e+00	
   2.6100000e+05	   4.9784920e+03	   5.5449454e+02	  -1.1104507e+00	
   2.6190000e+05	   4.9594221e+03	   5.4420367e+02	  -1.1147802e+00	
   2.6280000e+05	   4.9404956e+03	   5.3262132e+02	  -1.1188043e+00	
   2.6370000e+05	   4.9237958e+03	   5.1962376e+02	  -1.1224093e+00	
   2.6460000e+05	   4.9122789e+03	   5.0654670e+02	  -1.1251843e+00	
   2.6550000e+05	   4.9076148e+03	   4.9479714e+02	  -1.1268628e+00	
   2.6640000e+05	   4.9099810e+03	   4.8475141e+02	  -1.1277411e+00	
   2.6730000e+05	   4.9162258e+03	   4.7298473e+02	  -1.1290928e+00	
   2.6820000e+05	   4.9200682e+03	   4.5496956e+02	  -1.1321808e+00	
   2.6910000e+05	   4.9218298e+03	   4.3536057e+02	  -1.1358525e+00	
   2.7000000e+05	   4.9277093e+03	   4.2645945e+02	  -1.1374547e+00	
   2.7090000e+05	   4.9349851e+03	   4.2819179e+02	  -1.1374101e+00	
   2.7180000e+05	   4.9342895e+03	   4.2757148e+02	  -1.1395201e+00	
   2.7270000e+05	   4.9249119e+03	   4.1963638e+02	  -1.1451518e+00	
   2.7360000e+05	   4.9143693e+03	   4.1135348e+02	  -1.1513281e+00	
   2.7450000e+05	   4.9066592e+03	   4.0722147e+02	  -1.1557631e+00	
   2.7540000e+05	   4.9007396e+03	   4.0568058e+02	  -1.1587729e+00	
   2.7630000e+05	   4.8982617e+03	   4.0494719e+02	  -1.1608962e+00	
   2.7720000e+05	   4.9041775e+03	   4.0859356e+02	  -1.1623463e+00	
   2.7810000e+05	   4.9178334e+03	   4.2119860e+02	  -1.1632725e+00	
   2.7900000e+05	   4.9303720e+03	   4.4083033e+02	  -1.1636574e+00	
   2.7990000e+05	   4.9380434e+03	   4.6212631e+02	  -1.1635113e+00	
   2.8080000e+05	   4.9470074e+03	   4.8159299e+02	  -1.1629551e+00	
   2.8170000e+05	   4.9588707e+03	   4.9767399e+02	  -1.1621017e+00	
   2.8260000e+05	   4.9693661e+03	   5.1090203e+02	  -1.1611863e+00	
   2.8350000e+05	   4.9779353e+03	   5.2249894e+02	  -1.1604455e+00	
   2.8440000e+05	   4.9859473e+03	   5.3190611e+02	  -1.1601970e+00	
   2.8530000e+05	   4.9931935e+03	   5.3868166e+02	  -1.1607672e+00	
   2.8620000e+05	   5.0000463e+03	   5.4355434e+02	  -1.1615663e+00	
   2.8710000e+05	   5.0072600e+03	   5.4632910e+02	  -1.1618846e+00	
   2.8800000e+05	   5.0147687e+03	   5.4728683e+02	  -1.1620348e+00	
   2.8890000e+05	   5.0222643e+03	   5.4765214e+02	  -1.1623677e+00	
   2.8980000e+05	   5.0303491e+03	   5.4794884e+02	  -1.1627476e+00	
   2.9070000e+05	   5.0402040e+03	   5.4797651e+02	  -1.1632424e+00	
   2.9160000e+05	   5.0522746e+03	   5.4705146e+02	  -1.1639438e+00	
   2.9250000e+05	   5.0674330e+03	   5.4384849e+02	  -1.1648428e+00	
   2.9340000e+05	   5.0830286e+03	   5.3826881e+02	  -1.1663566e+00	
   2.9430000e+05	   5.0926636e+03	   5.3207451e+02	  -1.1689847e+00	
   2.9520000e+05	   5.0954548e+03	   5.2531913e+02	  -1.1724263e+00	
   2.9610000e+05	   5.0950497e+03	   5.1613269e+02	  -1.1760447e+00	
   2.9700000e+05	   5.0927016e+03	   5.0531062e+02	  -1.1800357e+00	
   2.9790000e+05	   5.0866538e+03	   4.9685067e+02	  -1.1846654e+00	
   2.9880000e+05	   5.0761183e+03	   4.9404843e+02	  -1.1893101e+00	
   2.9970000e+05	   5.0654798e+03	   4.9401529e+02	  -1.1934725e+00	
   3.0060000e+05	   5.0597801e+03	   4.9043523e+02	  -1.1971657e+00	
   3.0150000e+05	   5.0584477e+03	   4.8219447e+02	  -1.2002327e+00	
   3.0240000e+05	   5.0585193e+03	   4.7296487e+02	  -1.2026844e+00	
   3.0330000e+05	   5.0597117e+03	   4.6329652e+02	  -1.2046248e+00	
   3.0420000e+05	   5.0616122e+03	   4.4898193e+02	  -1.2051877e+00	
   3.0510000e+05	   5.0627973e+03	   4.2974253e+02	  -1.2040436e+00	
   3.0600000e+05	   5.0639458e+03	   4.1087014e+02	  -1.2025906e+00	
   3.0690000e+05	   5.0661004e+03	   3.9504587e+02	  -1.2017495e+00	
   3.0780000e+05	   5.0688078e+03	   3.8382808e+02	  -1.2014316e+00	
   3.0870000e+05	   5.0731093e+03	   3.7831709e+02	  -1.2016967e+00	
   3.0960000e+05	   5.0816095e+03	   3.7399771e+02	  -1.2027236e+00	
   3.1050000e+05	   5.0919775e+03	   3.6671271e+02	  -1.2048161e+00	
   3.1140000e+05	   5.0976405e+03	   3.5698192e+02	  -1.2076782e+00	
   3.1230000e+05	   5.0983690e+03	   3.4506965e+02	  -1.2098334e+00	
   3.1320000e+05	   5.1009036e+03	   3.3408064e+02	  -1.2109358e+00	
   3.1410000e+05	   5.1076380e+03	   3.2896542e+02	  -1.2123151e+00	
   3.1500000e+05	   5.1135645e+03	   3.2854456e+02	  -1.2139484e+00	
   3.1590000e+05	   5.1166208e+03	   3.2778666e+02	  -1.2146537e+00	
   3.1680000e+05	   5.1212816e+03	   3.2527624e+02	  -1.2141630e+00	
   3.1770000e+05	   5.1293949e+03	   3.2166597e+02	  -1.2128962e+00	
   3.1860000e+05	   5.1373571e+03	   3.1751141e+02	  -1.2114760e+00	
   3.1950000e+05	   5.1418517e+03	   3.1389398e+02	  -1.2102926e+00	
   3.2040000e+05	   5.1425495e+03	   3.1265711e+02	  -1.2094329e+00	
   3.2130000e+05	   5.1412612e+03	   3.1545149e+02	  -1.2090592e+00	
   3.2220000e+05	   5.1387079e+03	   3.2045581e+02	  -1.2090635e+00	
   3.2310000e+05	   5.1348251e+03	   3.2406656e+02	  -1.2090901e+00	
   3.2400000e+05	   5.1322311e+03	   3.2370434e+02	  -1.2088456e+00	
   3.2490000e+05	   5.1304564e+03	   3.1872210e+02	  -1.2082724e+00	
   3.2580000e+05	   5.1213603e+03	   3.1479277e+02	  -1.2075830e+00	
   3.2670000e+05	   5.1015634e+03	   3.1745063e+02	  -1.2069139e+00	
   3.2760000e+05	   5.0794734e+03	   3.2404646e+02	  -1.2061630e+00	
   3.2850000e+05	   5.0613333e+03	   3.3076771e+02	  -1.2052015e+00	
   3.2940000e+05	   5.0476768e+03	   3.3653344e+02	  -1.2033834e+00	
   3.3030000e+05	   5.0389410e+03	   3.3960014e+02	  -1.1998799e+00	
   3.3120000e+05	   5.0334459e+03	   3.3852220e+02	  -1.1955590e+00	
   3.3210000e+05	   5.0289293e+03	   3.3528225e+02	  -1.1918214e+00	
   3.3300000e+05	   5.0237951e+03	   3.3449414e+02	  -1.1879638e+00	
   3.3390000e+05	   5.0179048e+03	   3.3521743e+02	  -1.1827967e+00	
   3.3480000e+05	   5.0159175e+03	   3.3342336e+02	  -1.1770655e+00	
   3.3570000e+05	   5.0214147e+03	   3.3132790e+02	  -1.1720481e+00	
   3.3660000e+05	   5.0302672e+03	   3.3237656e+02	  -1.1676938e+00	
   3.3750000e+05	   5.0389979e+03	   3.3790838e+02	  -1.1632956e+00	
   3.3840000e+05	   5.0509613e+03	   3.5117859e+02	  -1.1585497e+00	
   3.3930000e+05	   5.0698316e+03	   3.7276952e+02	  -1.1535225e+00	
   3.4020000e+05	   5.0963158e+03	   3.9589382e+02	  -1.1483469e+00	
   3.4110000e+05	   5.1272073e+03	   4.1555934e+02	  -1.1433436e+00	
   3.4200000e+05	   5.1567674e+03	   4.3322957e+02	  -1.1390085e+00	
   3.4290000e+05	   5.1841381e+03	   4.5096374e+02	  -1.1353042e+00	
   3.4380000e+05	   5.2132118e+03	   4.6995664e+02	  -1.1318981e+00	
   3.4470000e+05	   5.2446846e+03	   4.8922824e+02	  -1.1294086e+00	
   3.4560000e+05	   5.2759637e+03	   5.0635089e+02	  -1.1289011e+00	
   3.4650000e+05	   5.3051240e+03	   5.2049459e+02	  -1.1300407e+00	
   3.4740000e+05	   5.3306748e+03	   5.3209814e+02	  -1.1317234e+00	
   3.4830000e+05	   5.3504726e+03	   5.4277739e+02	  -1.1342867e+00	
   3.4920000e+05	   5.3631211e+03	   5.5274060e+02	  -1.1384319e+00	
   3.5010000e+05	   5.3713360e+03	   5.5975455e+02	  -1.1433333e+00	
   3.5100000e+05	   5.3806690e+03	   5.6664733e+02	  -1.1473684e+00	
   3.5190000e+05	   5.3905093e+03	   5.7733670e+02	  -1.1500476e+00	
   3.5280000e+05	   5.3911108e+03	   5.8640074e+02	  -1.1517476e+00	
   3.5370000e+05	   5.3788973e+03	   5.8626283e+02	  -1.1523653e+00	
   3.5460000e+05	   5.3644660e+03	   5.7625682e+02	  -1.1518778e+00	
   3.5550000e+05	   5.3531305e+03	   5.5963287e+02	  -1.1506386e+00	
   3.5640000e+05	   5.3378052e+03	   5.4057025e+02	  -1.1489312e+00	
   3.5730000e+05	   5.3128748e+03	   5.2064058e+02	  -1.1470385e+00	
   3.5820000e+05	   5.2796337e+03	   5.0070839e+02	  -1.1447682e+00	
   3.5910000e+05	   5.2428533e+03	   4.8296814e+02	  -1.1417682e+00	
   3.6000000e+05	   5.2085098e+03	   4.6948587e+02	  -1.1379852e+00	
   3.6090000e+05	   5.1796876e+03	   4.6160533e+02	  -1.1333374e+00	
   3.6180000e+05	   5.1554328e+03	   4.5695884e+02	  -1.1279957e+00	
   3.6270000e+05	   5.1345716e+03	   4.5166031e+02	  -1.1222999e+00	
   3.6360000e+05	   5.1162412e+03	   4.4641948e+02	  -1.1162264e+00	
   3.6450000e+05	   5.0989278e+03	   4.4637602e+02	  -1.1093904e+00	
   3.6540000e+05	   5.0829443e+03	   4.5688800e+02	  -1.1014501e+00	
   3.6630000e+05	   5.0729061e+03	   4.7907590e+02	  -1.0924265e+00	
   3.6720000e+05	   5.0720008e+03	   5.0790059e+02	  -1.0826521e+00	
   3.6810000e+05	   5.0783022e+03	   5.3708681e+02	  -1.0727201e+00	
   3.6900000e+05	   5.0904836e+03	   5.5961199e+02	  -1.0632975e+00	
   3.6990000e+05	   5.1077903e+03	   5.6903058e+02	  -1.0546196e+00	
   3.7080000e+05	   5.1276973e+03	   5.6668590e+02	  -1.0464137e+00	
   3.7170000e+05	   5.1484447e+03	   5.5854618e+02	  -1.0387214e+00	
   3.7260000e+05	   5.1691479e+03	   5.4874072e+02	  -1.0322012e+00	
   3.7350000e+05	   5.1883591e+03	   5.3908470e+02	  -1.0272999e+00	
   3.7440000e+05	   5.2044567e+03	   5.3071446e+02	  -1.0241027e+00	
   3.7530000e+05	   5.2175620e+03	   5.2445554e+02	  -1.0225638e+00	
   3.7620000e+05	   5.2309355e+03	   5.1813776e+02	  -1.0222795e+00	
   3.7710000e+05	   5.2473985e+03	   5.0863165e+02	  -1.0230866e+00	
   3.7800000e+05	   5.2667379e+03	   4.9922722e+02	  -1.0252404e+00	
   3.7890000e+05	   5.2889490e+03	   4.9668390e+02	  -1.0285049e+00	
   3.7980000e+05	   5.3115904e+03	   5.0128303e+02	  -1.0319666e+00	
   3.8070000e+05	   5.3297840e+03	   5.0906141e+02	  -1.0348942e+00	
   3.8160000e+05	   5.3437845e+03	   5.1899725e+02	  -1.0368224e+00	
   3.8250000e+05	   5.3556278e+03	   5.3037463e+02	  -1.0377253e+00	
   3.8340000e+05	   5.3640660e+03	   5.3881870e+02	  -1.0385589e+00	
   3.8430000e+05	   5.3678683e+03	   5.4193585e+02	  -1.0400901e+00	
   3.8520000e+05	   5.3680045e+03	   5.4353336e+02	  -1.0418354e+00	
   3.8610000e+05	   5.3659523e+03	   5.4570989e+02	  -1.0433066e+00	
   3.8700000e+05	   5.3637033e+03	   5.4944500e+02	  -1.0447119e+00	
   3.8790000e+05	   5.3626662e+03	   5.5755896e+02	  -1.0458639e+00	
   3.8880000e+05	   5.3613152e+03	   5.6713376e+02	  -1.0462745e+00	
   3.8970000e+05	   5.3574342e+03	   5.7289883e+02	  -1.0463962e+00	
   3.9060000e+05	   5.3508160e+03	   5.7251291e+02	  -1.0470498e+00	
   3.9150000e+05	   5.3426004e+03	   5.6462388e+02	  -1.0482541e+00	
   3.9240000e+05	   5.3367901e+03	   5.5414141e+02	  -1.0496838e+00	
   3.9330000e+05	   5.3379255e+03	   5.4948548e+02	  -1.0511502e+00	
   3.9420000e+05	   5.3424480e+03	   5.5161929e+02	  -1.0523850e+00	
   3.9510000e+05	   5.3452755e+03	   5.5612087e+02	  -1.0531774e+00	
   3.9600000e+05	   5.3493154e+03	   5.6036222e+02	  -1.0534996e+00	
   3.9690000e+05	   5.3580951e+03	   5.6301762e+02	  -1.0536782e+00	
   3.9780000e+05	   5.3704943e+03	   5.6329667e+02	  -1.0546507e+00	
   3.9870000e+05	   5.3821029e+03	   5.6347187e+02	  -1.0572176e+00	
   3.9960000e+05	   5.3882517e+03	   5.6723146e+02	  -1.0611531e+00	
   4.0050000e+05	   5.3892279e+03	   5.7594161e+02	  -1.0656402e+00	
   4.0140000e+05	   5.3882062e+03	   5.8831834e+02	  -1.0701433e+00	
   4.0230000e+05	   5.3854535e+03	   6.0195751e+02	  -1.0749235e+00	
   4.0320000e+05	   5.3800148e+03	   6.1498583e+02	  -1.0804258e+00	
   4.0410000e+05	   5.3713231e+03	   6.2686010e+02	  -1.0861509e+00	
   4.0500000e+05	   5.3570705e+03	   6.3528825e+02	  -1.0913166e+00	
   4.0590000e+05	   5.3354937e+03	   6.3619541e+02	  -1.0960259e+00	
   4.0680000e+05	   5.3091168e+03	   6.3297637e+02	  -1.1004096e+00	
   4.0770000e+05	   5.2810505e+03	   6.3369538e+02	  -1.1041442e+00	
   4.0860000e+05	   5.2542108e+03	   6.3788192e+02	  -1.1070404e+00	
   4.0950000e+05	   5.2327619e+03	   6.4001182e+02	  -1.1090759e+00	
   4.1040000e+05	   5.2179873e+03	   6.4010374e+02	  -1.1104402e+00	
   4.1130000e+05	   5.2081582e+03	   6.4134725e+02	  -1.1111389e+00	
   4.1220000e+05	   5.2010351e+03	   6.4145075e+02	  -1.1110941e+00	
   4.1310000e+05	   5.1942036e+03	   6.3490630e+02	  -1.1102871e+00	
   4.1400000e+05	   5.1856998e+03	   6.2176005e+02	  -1.1083357e+00	
   4.1490000e+05	   5.1741572e+03	   6.0635045e+02	  -1.1048384e+00	
   4.1580000e+05	   5.1591587e+03	   5.9334569e+02	  -1.0999890e+00	
   4.1670000e+05	   5.1430725e+03	   5.8525387e+02	  -1.0948712e+00	
   4.1760000e+05	   5.1285090e+03	   5.7972885e+02	  -1.0906016e+00	
   4.1850000e+05	   5.1154247e+03	   5.7376926e+02	  -1.0870972e+00	
   4.1940000e+05	   5.1054092e+03	   5.6733569e+02	  -1.0836277e+00	
   4.2030000e+05	   5.1021306e+03	   5.6132921e+02	  -1.0797020e+00	
   4.2120000e+05	   5.1060693e+03	   5.5569982e+02	  -1.0754823e+00	
   4.2210000e+05	   5.1142963e+03	   5.5021813e+02	  -1.0713241e+00	
   4.2300000e+05	   5.1241844e+03	   5.4499774e+02	  -1.0675202e+00	
   4.2390000e+05	   5.1352995e+03	   5.4010171e+02	  -1.0646292e+00	
   4.2480000e+05	   5.1504538e+03	   5.3691196e+02	  -1.0629448e+00	
   4.2570000e+05	   5.1727380e+03	   5.3694964e+02	  -1.0623487e+00	
   4.2660000e+05	   5.2013009e+03	   5.3755646e+02	  -1.0625532e+00	
   4.2750000e+05	   5.2334064e+03	   5.3569761e+02	  -1.0631882e+00	
   4.2840000e+05	   5.2652181e+03	   5.3256583e+02	  -1.0640235e+00	
   4.2930000e+05	   5.2930975e+03	   5.2933840e+02	  -1.0648908e+00	
   4.3020000e+05	   5.3167557e+03	   5.2473992e+02	  -1.0654828e+00	
   4.3110000e+05	   5.3377835e+03	   5.1821076e+02	  -1.0657750e+00	
   4.3200000e+05	   5.3552536e+03	   5.0998776e+02	  -1.0661066e+00	
   4.3290000e+05	   5.3671990e+03	   4.9915354e+02	  -1.0666743e+00	
   4.3380000e+05	   5.3749895e+03	   4.8738617e+02	  -1.0675608e+00	
   4.3470000e+05	   5.3804382e+03	   4.7885788e+02	  -1.0690402e+00	
   4.3560000e+05	   5.3833919e+03	   4.7476954e+02	  -1.0713277e+00	
   4.3650000e+05	   5.3842334e+03	   4.7473780e+02	  -1.0737900e+00	
   4.3740000e+05	   5.3833449e+03	   4.7712613e+02	  -1.0751740e+00	
   4.3830000e+05	   5.3801371e+03	   4.7868658e+02	  -1.0748143e+00	
   4.3920000e+05	   5.3752850e+03	   4.7814917e+02	  -1.0725682e+00	
   4.4010000e+05	   5.3700298e+03	   4.7494577e+02	  -1.0689613e+00	
   4.4100000e+05	   5.3631510e+03	   4.6853965e+02	  -1.0653975e+00	
   4.4190000e+05	   5.3533280e+03	   4.5994242e+02	  -1.0626548e+00	
   4.4280000e+05	   5.3427793e+03	   4.5058592e+02	  -1.0604806e+00	
   4.4370000e+05	   5.3338880e+03	   4.4246499e+02	  -1.0582980e+00	
   4.4460000e+05	   5.3272363e+03	   4.4077101e+02	  -1.0559078e+00	
   4.4550000e+05	   5.3235661e+03	   4.4873455e+02	  -1.0535820e+00	
   4.4640000e+05	   5.3236775e+03	   4.6131263e+02	  -1.0507203e+00	
   4.4730000e+05	   5.3279235e+03	   4.7203043e+02	  -1.0464040e+00	
   4.4820000e+05	   5.3359956e+03	   4.7897498e+02	  -1.0411468e+00	
   4.4910000e+05	   5.3485251e+03	   4.8234642e+02	  -1.0360015e+00	
   4.5000000e+05	   5.3668608e+03	   4.8292049e+02	  -1.0317727e+00	
   4.5090000e+05	   5.3890115e+03	   4.8193911e+02	  -1.0289733e+00	
   4.5180000e+05	   5.4113483e+03	   4.8097704e+02	  -1.0277922e+00	
   4.5270000e+05	   5.4333084e+03	   4.8150776e+02	  -1.0281047e+00	
   4.5360000e+05	   5.4553245e+03	   4.8312252e+02	  -1.0290791e+00	
   4.5450000e+05	   5.4760438e+03	   4.8344869e+02	  -1.0304565e+00	
   4.5540000e+05	   5.4953925e+03	   4.8009148e+02	  -1.0329675e+00	
   4.5630000e+05	   5.5148074e+03	   4.7430026e+02	  -1.0366290e+00	
   4.5720000e+05	   5.5322919e+03	   4.7006989e+02	  -1.0405881e+00	
   4.5810000e+05	   5.5453598e+03	   4.6719170e+02	  -1.0442991e+00	
   4.5900000e+05	   5.5561767e+03	   4.6115718e+02	  -1.0477794e+00	
   4.5990000e+05	   5.5661989e+03	   4.5049657e+02	  -1.0510725e+00	
   4.6080000e+05	   5.5734455e+03	   4.3892545e+02	  -1.0542269e+00	
   4.6170000e+05	   5.5782001e+03	   4.2917794e+02	  -1.0573323e+00	
   4.6260000e+05	   5.5823020e+03	   4.2035538e+02	  -1.0601934e+00	
   4.6350000e+05	   5.5852303e+03	   4.1390050e+02	  -1.0624192e+00	
   4.6440000e+05	   5.5869858e+03	   4.1467985e+02	  -1.0636723e+00	
   4.6530000e+05	   5.5882078e+03	   4.2304049e+02	  -1.0640377e+00	
   4.6620000e+05	   5.5874844e+03	   4.3413389e+02	  -1.0640876e+00	
   4.6710000e+05	   5.5823363e+03	   4.4376428e+02	  -1.0642352e+00	
   4.6800000e+05	   5.5696854e+03	   4.5135380e+02	  -1.0648921e+00	
   4.6890000e+05	   5.5488280e+03	   4.5649668e+02	  -1.0666977e+00	
   4.6980000e+05	   5.5242776e+03	   4.5692188e+02	  -1.0695995e+00	
   4.7070000e+05	   5.4994001e+03	   4.5310110e+02	  -1.0728966e+00	
   4.7160000e+05	   5.4737426e+03	   4.4730333e+02	  -1.0762961e+00	
   4.7250000e+05	   5.4468456e+03	   4.4031058e+02	  -1.0798316e+00	
   4.7340000e+05	   5.4167053e+03	   4.3203607e+02	  -1.0833720e+00	
   4.7430000e+05	   5.3804266e+03	   4.2195631e+02	  -1.0866887e+00	
   4.7520000e+05	   5.3401943e+03	   4.0914123e+02	  -1.0892742e+00	
   4.7610000e+05	   5.3004960e+03	   3.9464472e+02	  -1.0905769e+00	
   4.7700000e+05	   5.2616269e+03	   3.8333093e+02	  -1.0908119e+00	
   4.7790000e+05	   5.2221074e+03	   3.7793023e+02	  -1.0906838e+00	
   4.7880000e+05	   5.1822074e+03	   3.7493414e+02	  -1.0902432e+00	
   4.7970000e+05	   5.1400986e+03	   3.7039912e+02	  -1.0889517e+00	
   4.8060000e+05	   5.0925887e+03	   3.6517464e+02	  -1.0866746e+00	
   4.8150000e+05	   5.0424890e+03	   3.6266084e+02	  -1.0836129e+00	
   4.8240000e+05	   4.9960446e+03	   3.6403584e+02	  -1.0796531e+00	
   4.8330000e+05	   4.9535398e+03	   3.6898174e+02	  -1.0744433e+00	
   4.8420000e+05	   4.9125177e+03	   3.7994450e+02	  -1.0680244e+00	
   4.8510000e+05	   4.8744024e+03	   3.9725669e+02	  -1.0610219e+00	
   4.8600000e+05	   4.8415402e+03	   4.1708186e+02	  -1.0542618e+00	
   4.8690000e+05	   4.8160785e+03	   4.3766296e+02	  -1.0479726e+00	
   4.8780000e+05	   4.7990051e+03	   4.5669388e+02	  -1.0416092e+00	
   4.8870000e+05	   4.7875323e+03	   4.7014050e+02	  -1.0347693e+00	
   4.8960000e+05	   4.7795065e+03	   4.7921226e+02	  -1.0277606e+00	
   4.9050000e+05	   4.7764367e+03	   4.8772730e+02	  -1.0208021e+00	
   4.9140000e+05	   4.7777191e+03	   4.9435216e+02	  -1.0136706e+00	
   4.9230000e+05	   4.7825758e+03	   4.9513452e+02	  -1.0067315e+00	
   4.9320000e+05	   4.7935236e+03	   4.9230828e+02	  -1.0015882e+00	
   4.9410000e+05	   4.8086130e+03	   4.9170644e+02	  -9.9897134e-01	
   4.9500000e+05	   4.8220353e+03	   4.9396624e+02	  -9.9785813e-01	
   4.9590000e+05	   4.8329939e+03	   4.9824299e+02	  -9.9741268e-01	
   4.9680000e+05	   4.8442397e+03	   5.0623228e+02	  -9.9718957e-01	
   4.9770000e+05	   4.8564750e+03	   5.1742874e+02	  -9.9722126e-01	
   4.9860000e+05	   4.8680533e+03	   5.2849187e+02	  -9.9827150e-01	
   4.9950000e+05	   4.8766364e+03	   5.3726121e+02	  -1.0003765e+00	
   5.0040000e+05	   4.8798417e+03	   5.4410720e+02	  -1.0028840e+00	
   5.0130000e+05	   4.8778670e+03	   5.5042395e+02	  -1.0054950e+00	
   5.0220000e+05	   4.8735799e+03	   5.5671780e+02	  -1.0081282e+00	
   5.0310000e+05	   4.8682661e+03	   5.6288642e+02	  -1.0107074e+00	
   5.0400000e+05	   4.8621209e+03	   5.6910467e+02	  -1.0132249e+00	
   5.0490000e+05	   4.8552403e+03	   5.7561992e+02	  -1.0156154e+00	
   5.0580000e+05	   4.8464840e+03	   5.8210438e+02	  -1.0173964e+00	
   5.0670000e+05	   4.8347693e+03	   5.8792058e+02	  -1.0182033e+00	
   5.0760000e+05	   4.8202526e+03	   5.9342210e+02	  -1.0187768e+00	
   5.0850000e+05	   4.8033842e+03	   5.9915717e+02	  -1.0200534e+00	
   5.0940000e+05	   4.7844990e+03	   6.0505479e+02	  -1.0222095e+00	
   5.1030000e+05	   4.7639881e+03	   6.1090292e+02	  -1.0251660e+00	
   5.1120000e+05	   4.7422508e+03	   6.1649194e+02	  -1.0288432e+00	
   5.1210000e+05	   4.7197397e+03	   6.2156951e+02	  -1.0331679e+00	
   5.1300000e+05	   4.6968872e+03	   6.2590411e+02	  -1.0381229e+00	
   5.1390000e+05	   4.6736692e+03	   6.2910338e+02	  -1.0436942e+00	
   5.1480000e+05	   4.6498032e+03	   6.3070159e+02	  -1.0498343e+00	
   5.1570000e+05	   4.6240053e+03	   6.3157658e+02	  -1.0561567e+00	
   5.1660000e+05	   4.5941305e+03	   6.3359308e+02	  -1.0620000e+00	
   5.1750000e+05	   4.5606099e+03	   6.3650026e+02	  -1.0674286e+00	
   5.1840000e+05	   4.5261860e+03	   6.3852740e+02	  -1.0731599e+00	
   5.1930000e+05	   4.4923194e+03	   6.3923244e+02	  -1.0795135e+00	
   5.2020000e+05	   4.4587963e+03	   6.3935360e+02	  -1.0863499e+00	
   5.2110000e+05	   4.4252061e+03	   6.3964724e+02	  -1.0934704e+00	
   5.2200000e+05	   4.3912008e+03	   6.4082799e+02	  -1.1006981e+00	
   5.2290000e+05	   4.3565517e+03	   6.4351156e+02	  -1.1078619e+00	
   5.2380000e+05	   4.3212666e+03	   6.4812324e+02	  -1.1147486e+00	
   5.2470000e+05	   4.2851932e+03	   6.5471722e+02	  -1.1212602e+00	
   5.2560000e+05	   4.2480861e+03	   6.6305147e+02	  -1.1274177e+00	
   5.2650000e+05	   4.2099076e+03	   6.7281308e+02	  -1.1332504e+00	
   5.2740000e+05	   4.1707440e+03	   6.8365725e+02	  -1.1387879e+00	
   5.2830000e+05	   4.1306878e+03	   6.9524542e+02	  -1.1440586e+00	
   5.2920000e+05	   4.0898354e+03	   7.0724810e+02	  -1.1490897e+00	
   5.3010000e+05	   4.0482871e+03	   7.1934627e+02	  -1.1539073e+00	
   5.3100000e+05	   4.0061470e+03	   7.3123212e+02	  -1.1585368e+00	
   5.3190000e+05	   3.9635439e+03	   7.4260178e+02	  -1.1630037e+00	
   5.3280000e+05	   3.9206571e+03	   7.5314524e+02	  -1.1673346e+00	
   5.3370000e+05	   3.8776770e+03	   7.6256003e+02	  -1.1715561e+00	
   5.3460000e+05	   3.8347967e+03	   7.7054700e+02	  -1.1756929e+00	
   5.3550000e+05	   3.7921843e+03	   7.7674232e+02	  -1.1797510e+00	
   5.3640000e+05	   3.7499962e+03	   7.8074863e+02	  -1.1837230e+00	
   5.3730000e+05	   3.7083964e+03	   7.8217950e+02	  -1.1875977e+00	
   5.3820000e+05	   3.6675584e+03	   7.8066176e+02	  -1.1913588e+00	
   5.3910000e+05	   3.6276801e+03	   7.7587608e+02	  -1.1949916e+00	
   5.4000000e+05	   3.5891548e+03	   7.6793867e+02	  -1.1985410e+00	
   5.4090000e+05	   3.5525990e+03	   7.5764387e+02	  -1.2018751e+00	
   5.4180000e+05	   3.5185192e+03	   7.4617804e+02	  -1.2046552e+00	
   5.4270000e+05	   3.4872467e+03	   7.3477531e+02	  -1.2065045e+00	
   5.4360000e+05	   3.4590707e+03	   7.2469649e+02	  -1.2070206e+00	
   5.4450000e+05	   3.4343004e+03	   7.1723483e+02	  -1.2057905e+00	
   5.4540000e+05	   3.4132647e+03	   7.1363778e+02	  -1.2024100e+00	
   5.4630000e+05	   3.3960941e+03	   7.1461929e+02	  -1.1967751e+00	
   5.4720000e+05	   3.3827535e+03	   7.2047301e+02	  -1.1890378e+00	
