   0.0000000e+00	   6.4494978e+02	   3.0819143e+02	   9.5524118e-01	
   9.0000000e+02	   6.6173783e+02	   2.9106903e+02	   9.6886413e-01	
   1.8000000e+03	   6.7442869e+02	   2.8001108e+02	   9.7971647e-01	
   2.7000000e+03	   6.8454262e+02	   2.7632229e+02	   9.8850447e-01	
   3.6000000e+03	   6.9451434e+02	   2.7842558e+02	   9.9703570e-01	
   4.5000000e+03	   7.0658362e+02	   2.8225769e+02	   1.0083688e+00	
   5.4000000e+03	   7.1901264e+02	   2.8485827e+02	   1.0202874e+00	
   6.3000000e+03	   7.2917563e+02	   2.8570659e+02	   1.0254856e+00	
   7.2000000e+03	   7.3848368e+02	   2.8839525e+02	   1.0220781e+00	
   8.1000000e+03	   7.4925907e+02	   2.9734089e+02	   1.0152343e+00	
   9.0000000e+03	   7.5941363e+02	   3.1034523e+02	   1.0128201e+00	
   9.9000000e+03	   7.6716943e+02	   3.2167382e+02	   1.0206579e+00	
   1.0800000e+04	   7.7513478e+02	   3.2998039e+02	   1.0365212e+00	
   1.1700000e+04	   7.8376512e+02	   3.3692095e+02	   1.0519537e+00	
   1.2600000e+04	   7.8762866e+02	   3.4129875e+02	   1.0603099e+00	
   1.3500000e+04	   7.8401258e+02	   3.4036044e+02	   1.0602894e+00	
   1.4400000e+04	   7.7859301e+02	   3.3741919e+02	   1.0549089e+00	
   1.5300000e+04	   7.7759743e+02	   3.3800102e+02	   1.0475265e+00	
   1.6200000e+04	   7.8488443e+02	   3.4025576e+02	   1.0416250e+00	
   1.7100000e+04	   8.0085196e+02	   3.3971939e+02	   1.0428464e+00	
   1.8000000e+04	   8.1921508e+02	   3.3624499e+02	   1.0542268e+00	
   1.8900000e+04	   8.3286000e+02	   3.3028512e+02	   1.0742532e+00	
   1.9800000e+04	   8.3942782e+02	   3.2039689e+02	   1.1000187e+00	
   2.0700000e+04	   8.4196992e+02	   3.0531454e+02	   1.1296666e+00	
   2.1600000e+04	   8.4774018e+02	   2.8573553e+02	   1.1594362e+00	
   2.2500000e+04	   8.6373261e+02	   2.6440419e+02	   1.1804173e+00	
   2.3400000e+04	   8.9259523e+02	   2.4470626e+02	   1.1857722e+00	
   2.4300000e+04	   9.2881391e+02	   2.2790471e+02	   1.1819403e+00	
   2.5200000e+04	   9.6233824e+02	   2.1444960e+02	   1.1819700e+00	
   2.6100000e+04	   9.8982916e+02	   2.0734903e+02	   1.1895507e+00	
   2.7000000e+04	   1.0135929e+03	   2.0855253e+02	   1.1971619e+00	
   2.7900000e+04	   1.0360308e+03	   2.1584193e+02	   1.2001477e+00	
   2.8800000e+04	   1.0588024e+03	   2.2262067e+02	   1.2047417e+00	
   2.9700000e+04	   1.0816721e+03	   2.2153388e+02	   1.2158566e+00	
   3.0600000e+04	   1.1057145e+03	   2.1386187e+02	   1.2283750e+00	
   3.1500000e+04	   1.1314661e+03	   2.0571971e+02	   1.2366975e+00	
   3.2400000e+04	   1.1557856e+03	   1.9878000e+02	   1.2439621e+00	
   3.3300000e+04	   1.1778912e+03	   1.9020804e+02	   1.2556761e+00	
   3.4200000e+04	   1.2007678e+03	   1.8131564e+02	   1.2706557e+00	
   3.5100000e+04	   1.2244395e+03	   1.7741627e+02	   1.2829316e+00	
   3.6000000e+04	   1.2463493e+03	   1.7740105e+02	   1.2885668e+00	
   3.6900000e+04	   1.2647051e+03	   1.7542496e+02	   1.2898857e+00	
   3.7800000e+04	   1.2793181e+03	   1.6907287e+02	   1.2923503e+00	
   3.8700000e+04	   1.2933352e+03	   1.5845881e+02	   1.2976698e+00	
   3.9600000e+04	   1.3120867e+03	   1.4552524e+02	   1.3042291e+00	
   4.0500000e+04	   1.3374471e+03	   1.3346004e+02	   1.3122909e+00	
   4.1400000e+04	   1.3651757e+03	   1.2457242e+02	   1.3248012e+00	
   4.2300000e+04	   1.3913777e+03	   1.1981287e+02	   1.3415323e+00	
   4.3200000e+04	   1.4174912e+03	   1.1818505e+02	   1.3576846e+00	
   4.4100000e+04	   1.4454676e+03	   1.1771253e+02	   1.3705693e+00	
   4.5000000e+04	   1.4748877e+03	   1.1798448e+02	   1.3805654e+00	
   4.5900000e+04	   1.5050601e+03	   1.2075911e+02	   1.3874584e+00	
   4.6800000e+04	   1.5336920e+03	   1.2701994e+02	   1.3903126e+00	
   4.7700000e+04	   1.5580919e+03	   1.3645948e+02	   1.3898849e+00	
   4.8600000e+04	   1.5796989e+03	   1.4803439e+02	   1.3891463e+00	
   4.9500000e+04	   1.6016928e+03	   1.6129379e+02	   1.3888769e+00	
   5.0400000e+04	   1.6244584e+03	   1.7532662e+02	   1.3875924e+00	
   5.1300000e+04	   1.6457077e+03	   1.8711154e+02	   1.3855592e+00	
   5.2200000e+04	   1.6644989e+03	   1.9485291e+02	   1.3843442e+00	
   5.3100000e+04	   1.6838695e+03	   1.9819744e+02	   1.3845731e+00	
   5.4000000e+04	   1.7085673e+03	   1.9894247e+02	   1.3848945e+00	
   5.4900000e+04	   1.7408910e+03	   2.0003415e+02	   1.3837037e+00	
   5.5800000e+04	   1.7785924e+03	   2.0114388e+02	   1.3818583e+00	
   5.6700000e+04	   1.8160665e+03	   1.9965818e+02	   1.3809988e+00	
   5.7600000e+04	   1.8485933e+03	   1.9670327e+02	   1.3811538e+00	
   5.8500000e+04	   1.8762930e+03	   1.9432366e+02	   1.3825245e+00	
   5.9400000e+04	   1.9029648e+03	   1.9038644e+02	   1.3855548e+00	
   6.0300000e+04	   1.9306139e+03	   1.8215954e+02	   1.3896434e+00	
   6.1200000e+04	   1.9575616e+03	   1.7196875e+02	   1.3940981e+00	
   6.2100000e+04	   1.9818650e+03	   1.6393286e+02	   1.3987634e+00	
   6.3000000e+04	   2.0023272e+03	   1.5950428e+02	   1.4042856e+00	
   6.3900000e+04	   2.0187274e+03	   1.5781651e+02	   1.4117263e+00	
   6.4800000e+04	   2.0345087e+03	   1.5771824e+02	   1.4212796e+00	
   6.5700000e+04	   2.0543013e+03	   1.5810483e+02	   1.4317853e+00	
   6.6600000e+04	   2.0797064e+03	   1.5974109e+02	   1.4398315e+00	
   6.7500000e+04	   2.1108273e+03	   1.6530172e+02	   1.4421743e+00	
   6.8400000e+04	   2.1466724e+03	   1.7539300e+02	   1.4407401e+00	
   6.9300000e+04	   2.1841965e+03	   1.8750232e+02	   1.4397175e+00	
   7.0200000e+04	   2.2212291e+03	   1.9882207e+02	   1.4396536e+00	
   7.1100000e+04	   2.2580530e+03	   2.0787574e+02	   1.4384159e+00	
   7.2000000e+04	   2.2945508e+03	   2.1631554e+02	   1.4355199e+00	
   7.2900000e+04	   2.3280936e+03	   2.2563485e+02	   1.4334633e+00	
   7.3800000e+04	   2.3530459e+03	   2.3364558e+02	   1.4334130e+00	
   7.4700000e+04	   2.3649656e+03	   2.3728037e+02	   1.4335714e+00	
   7.5600000e+04	   2.3670631e+03	   2.3882318e+02	   1.4334652e+00	
   7.6500000e+04	   2.3658918e+03	   2.4244576e+02	   1.4347660e+00	
   7.7400000e+04	   2.3652324e+03	   2.4875477e+02	   1.4387484e+00	
   7.8300000e+04	   2.3666881e+03	   2.5689109e+02	   1.4452699e+00	
   7.9200000e+04	   2.3714868e+03	   2.6621462e+02	   1.4531997e+00	
   8.0100000e+04	   2.3801989e+03	   2.7611691e+02	   1.4616287e+00	
   8.1000000e+04	   2.3925829e+03	   2.8591342e+02	   1.4700139e+00	
   8.1900000e+04	   2.4083149e+03	   2.9484734e+02	   1.4778241e+00	
   8.2800000e+04	   2.4271398e+03	   3.0211629e+02	   1.4844553e+00	
   8.3700000e+04	   2.4495672e+03	   3.0621997e+02	   1.4892736e+00	
   8.4600000e+04	   2.4759926e+03	   3.0791156e+02	   1.4924365e+00	
   8.5500000e+04	   2.5055675e+03	   3.0874225e+02	   1.4955614e+00	
   8.6400000e+04	   2.5376068e+03	   3.0868618e+02	   1.5010836e+00	
   8.7300000e+04	   2.5696340e+03	   3.0826845e+02	   1.5090655e+00	
   8.8200000e+04	   2.5956260e+03	   3.0930611e+02	   1.5173906e+00	
   8.9100000e+04	   2.6129157e+03	   3.1295862e+02	   1.5249039e+00	
   9.0000000e+04	   2.6260681e+03	   3.1838303e+02	   1.5317182e+00	
   9.0900000e+04	   2.6383224e+03	   3.2398773e+02	   1.5387108e+00	
   9.1800000e+04	   2.6458965e+03	   3.2892102e+02	   1.5473231e+00	
   9.2700000e+04	   2.6455063e+03	   3.3273734e+02	   1.5587676e+00	
   9.3600000e+04	   2.6424467e+03	   3.3549966e+02	  -1.5681658e+00	
   9.4500000e+04	   2.6455212e+03	   3.3767313e+02	  -1.5519865e+00	
   9.5400000e+04	   2.6596585e+03	   3.3895996e+02	  -1.5377335e+00	
   9.6300000e+04	   2.6842453e+03	   3.3861319e+02	  -1.5269039e+00	
   9.7200000e+04	   2.7142050e+03	   3.3899110e+02	  -1.5184995e+00	
   9.8100000e+04	   2.7454752e+03	   3.4386548e+02	  -1.5113990e+00	
   9.9000000e+04	   2.7784027e+03	   3.5192534e+02	  -1.5043715e+00	
   9.9900000e+04	   2.8123958e+03	   3.5865575e+02	  -1.4966439e+00	
   1.0080000e+05	   2.8437742e+03	   3.6273520e+02	  -1.4884883e+00	
   1.0170000e+05	   2.8701746e+03	   3.6425026e+02	  -1.4794662e+00	
   1.0260000e+05	   2.8923724e+03	   3.6168306e+02	  -1.4682098e+00	
   1.0350000e+05	   2.9153977e+03	   3.5462954e+02	  -1.4552545e+00	
   1.0440000e+05	   2.9427805e+03	   3.4547856e+02	  -1.4432364e+00	
   1.0530000e+05	   2.9684757e+03	   3.3682596e+02	  -1.4338421e+00	
   1.0620000e+05	   2.9854286e+03	   3.2982298e+02	  -1.4271066e+00	
   1.0710000e+05	   2.9962789e+03	   3.2427618e+02	  -1.4220179e+00	
   1.0800000e+05	   3.0072617e+03	   3.1923832e+02	  -1.4173166e+00	
   1.0890000e+05	   3.0188038e+03	   3.1416402e+02	  -1.4126038e+00	
   1.0980000e+05	   3.0286722e+03	   3.0922521e+02	  -1.4080521e+00	
   1.1070000e+05	   3.0373488e+03	   3.0494099e+02	  -1.4038703e+00	
   1.1160000e+05	   3.0468026e+03	   3.0239762e+02	  -1.4002648e+00	
   1.1250000e+05	   3.0577839e+03	   3.0267588e+02	  -1.3974159e+00	
   1.1340000e+05	   3.0696326e+03	   3.0427774e+02	  -1.3952593e+00	
   1.1430000e+05	   3.0813724e+03	   3.0459201e+02	  -1.3934676e+00	
   1.1520000e+05	   3.0914671e+03	   3.0373555e+02	  -1.3912541e+00	
   1.1610000e+05	   3.0994505e+03	   3.0271647e+02	  -1.3879882e+00	
   1.1700000e+05	   3.1071155e+03	   3.0122832e+02	  -1.3840226e+00	
   1.1790000e+05	   3.1124483e+03	   2.9789665e+02	  -1.3795190e+00	
   1.1880000e+05	   3.1101679e+03	   2.9228355e+02	  -1.3734354e+00	
   1.1970000e+05	   3.1018181e+03	   2.8532805e+02	  -1.3649821e+00	
   1.2060000e+05	   3.0941122e+03	   2.7812865e+02	  -1.3553081e+00	
   1.2150000e+05	   3.0900849e+03	   2.7240533e+02	  -1.3464465e+00	
   1.2240000e+05	   3.0902145e+03	   2.7074488e+02	  -1.3390099e+00	
   1.2330000e+05	   3.0927267e+03	   2.7292293e+02	  -1.3321046e+00	
   1.2420000e+05	   3.0935601e+03	   2.7565960e+02	  -1.3253104e+00	
   1.2510000e+05	   3.0933508e+03	   2.7717786e+02	  -1.3189478e+00	
   1.2600000e+05	   3.0988598e+03	   2.7806784e+02	  -1.3128753e+00	
   1.2690000e+05	   3.1132106e+03	   2.7892588e+02	  -1.3068073e+00	
   1.2780000e+05	   3.1308868e+03	   2.7959225e+02	  -1.3006520e+00	
   1.2870000e+05	   3.1441795e+03	   2.8033367e+02	  -1.2941544e+00	
   1.2960000e+05	   3.1499253e+03	   2.8344846e+02	  -1.2868352e+00	
   1.3050000e+05	   3.1529908e+03	   2.9010216e+02	  -1.2786089e+00	
   1.3140000e+05	   3.1603220e+03	   2.9722196e+02	  -1.2703150e+00	
   1.3230000e+05	   3.1718740e+03	   3.0220251e+02	  -1.2630093e+00	
   1.3320000e+05	   3.1841030e+03	   3.0617226e+02	  -1.2571836e+00	
   1.3410000e+05	   3.1939205e+03	   3.1037689e+02	  -1.2523210e+00	
   1.3500000e+05	   3.1996300e+03	   3.1636594e+02	  -1.2467024e+00	
   1.3590000e+05	   3.2044890e+03	   3.2506903e+02	  -1.2388074e+00	
   1.3680000e+05	   3.2138465e+03	   3.3333733e+02	  -1.2288849e+00	
   1.3770000e+05	   3.2286115e+03	   3.3781222e+02	  -1.2181262e+00	
   1.3860000e+05	   3.2452845e+03	   3.3987297e+02	  -1.2075110e+00	
   1.3950000e+05	   3.2614904e+03	   3.4288857e+02	  -1.1974322e+00	
   1.4040000e+05	   3.2785542e+03	   3.5105562e+02	  -1.1867313e+00	
   1.4130000e+05	   3.2970787e+03	   3.6647295e+02	  -1.1739560e+00	
   1.4220000e+05	   3.3128463e+03	   3.8056743e+02	  -1.1616186e+00	
   1.4310000e+05	   3.3232597e+03	   3.8239824e+02	  -1.1535235e+00	
   1.4400000e+05	   3.3349115e+03	   3.7796400e+02	  -1.1482070e+00	
   1.4490000e+05	   3.3544976e+03	   3.7900380e+02	  -1.1422178e+00	
   1.4580000e+05	   3.3785270e+03	   3.8461728e+02	  -1.1351153e+00	
   1.4670000e+05	   3.4006334e+03	   3.8883285e+02	  -1.1279118e+00	
   1.4760000e+05	   3.4200364e+03	   3.9191989e+02	  -1.1211174e+00	
   1.4850000e+05	   3.4382641e+03	   3.9718949e+02	  -1.1149112e+00	
   1.4940000e+05	   3.4552770e+03	   4.0522520e+02	  -1.1091190e+00	
   1.5030000e+05	   3.4704166e+03	   4.1412726e+02	  -1.1028270e+00	
   1.5120000e+05	   3.4839008e+03	   4.2244674e+02	  -1.0953702e+00	
   1.5210000e+05	   3.4955804e+03	   4.3029831e+02	  -1.0870665e+00	
   1.5300000e+05	   3.5038949e+03	   4.3694017e+02	  -1.0782789e+00	
   1.5390000e+05	   3.5107040e+03	   4.4030824e+02	  -1.0690647e+00	
   1.5480000e+05	   3.5218521e+03	   4.4014998e+02	  -1.0597978e+00	
   1.5570000e+05	   3.5376645e+03	   4.3838872e+02	  -1.0508609e+00	
   1.5660000e+05	   3.5525313e+03	   4.3632815e+02	  -1.0422085e+00	
   1.5750000e+05	   3.5651332e+03	   4.3434445e+02	  -1.0340569e+00	
   1.5840000e+05	   3.5792107e+03	   4.3341939e+02	  -1.0273040e+00	
   1.5930000e+05	   3.5959085e+03	   4.3339882e+02	  -1.0220005e+00	
   1.6020000e+05	   3.6132392e+03	   4.3286083e+02	  -1.0168664e+00	
   1.6110000e+05	   3.6312100e+03	   4.3075788e+02	  -1.0110071e+00	
   1.6200000e+05	   3.6502363e+03	   4.2696932e+02	  -1.0045919e+00	
   1.6290000e+05	   3.6682014e+03	   4.2280318e+02	  -9.9859034e-01	
   1.6380000e+05	   3.6835583e+03	   4.1730947e+02	  -9.9381673e-01	
   1.6470000e+05	   3.6959223e+03	   4.0763755e+02	  -9.8972824e-01	
   1.6560000e+05	   3.7043408e+03	   3.9596523e+02	  -9.8523033e-01	
   1.6650000e+05	   3.7112009e+03	   3.8790800e+02	  -9.8081777e-01	
   1.6740000e+05	   3.7228942e+03	   3.8549218e+02	  -9.7790231e-01	
   1.6830000e+05	   3.7406427e+03	   3.8603266e+02	  -9.7583727e-01	
   1.6920000e+05	   3.7606727e+03	   3.8764169e+02	  -9.7315111e-01	
   1.7010000e+05	   3.7812726e+03	   3.9176380e+02	  -9.7017536e-01	
   1.7100000e+05	   3.7998170e+03	   3.9710986e+02	  -9.6747533e-01	
   1.7190000e+05	   3.8134468e+03	   3.9977135e+02	  -9.6483048e-01	
   1.7280000e+05	   3.8240071e+03	   3.9777028e+02	  -9.6237020e-01	
   1.7370000e+05	   3.8354309e+03	   3.9005994e+02	  -9.6034154e-01	
   1.7460000e+05	   3.8493326e+03	   3.7928496e+02	  -9.5859420e-01	
   1.7550000e+05	   3.8635758e+03	   3.7076713e+02	  -9.5752271e-01	
   1.7640000e+05	   3.8756720e+03	   3.6522309e+02	  -9.5802393e-01	
   1.7730000e+05	   3.8842941e+03	   3.6039352e+02	  -9.5954560e-01	
   1.7820000e+05	   3.8878070e+03	   3.5532516e+02	  -9.6036882e-01	
   1.7910000e+05	   3.8878066e+03	   3.4831172e+02	  -9.6041184e-01	
   1.8000000e+05	   3.8888933e+03	   3.3992423e+02	  -9.6077758e-01	
   1.8090000e+05	   3.8932994e+03	   3.3241859e+02	  -9.6090371e-01	
   1.8180000e+05	   3.9013618e+03	   3.2707805e+02	  -9.5965049e-01	
   1.8270000e+05	   3.9092617e+03	   3.2381607e+02	  -9.5784285e-01	
   1.8360000e+05	   3.9103078e+03	   3.2197138e+02	  -9.5716807e-01	
   1.8450000e+05	   3.9040953e+03	   3.2120061e+02	  -9.5702392e-01	
   1.8540000e+05	   3.8943034e+03	   3.2093951e+02	  -9.5539852e-01	
   1.8630000e+05	   3.8836634e+03	   3.1736104e+02	  -9.5156819e-01	
   1.8720000e+05	   3.8751593e+03	   3.0852289e+02	  -9.4621152e-01	
   1.8810000e+05	   3.8720706e+03	   2.9664356e+02	  -9.4073624e-01	
   1.8900000e+05	   3.8758554e+03	   2.8339503e+02	  -9.3652786e-01	
   1.8990000e+05	   3.8842459e+03	   2.6853156e+02	  -9.3311904e-01	
   1.9080000e+05	   3.8946595e+03	   2.5534101e+02	  -9.2851942e-01	
   1.9170000e+05	   3.9080292e+03	   2.4815169e+02	  -9.2286507e-01	
   1.9260000e+05	   3.9244930e+03	   2.4525914e+02	  -9.1842596e-01	
   1.9350000e+05	   3.9418328e+03	   2.4341139e+02	  -9.1559249e-01	
   1.9440000e+05	   3.9607159e+03	   2.4267751e+02	  -9.1241105e-01	
   1.9530000e+05	   3.9829475e+03	   2.4271022e+02	  -9.0781857e-01	
   1.9620000e+05	   4.0060471e+03	   2.4204224e+02	  -9.0330608e-01	
   1.9710000e+05	   4.0263062e+03	   2.4084581e+02	  -9.0078247e-01	
   1.9800000e+05	   4.0432168e+03	   2.4094850e+02	  -9.0021078e-01	
   1.9890000e+05	   4.0569592e+03	   2.4350257e+02	  -9.0071783e-01	
   1.9980000e+05	   4.0668084e+03	   2.4810166e+02	  -9.0150571e-01	
   2.0070000e+05	   4.0732422e+03	   2.5294045e+02	  -9.0166938e-01	
   2.0160000e+05	   4.0769145e+03	   2.5633484e+02	  -9.0110453e-01	
   2.0250000e+05	   4.0785594e+03	   2.5812487e+02	  -9.0019087e-01	
   2.0340000e+05	   4.0803537e+03	   2.6058560e+02	  -8.9891603e-01	
   2.0430000e+05	   4.0825006e+03	   2.6597911e+02	  -8.9778207e-01	
   2.0520000e+05	   4.0825768e+03	   2.7266731e+02	  -8.9733995e-01	
   2.0610000e+05	   4.0796657e+03	   2.7783096e+02	  -8.9719775e-01	
   2.0700000e+05	   4.0769140e+03	   2.8128395e+02	  -8.9710634e-01	
   2.0790000e+05	   4.0781860e+03	   2.8318875e+02	  -8.9704771e-01	
   2.0880000e+05	   4.0837755e+03	   2.8332351e+02	  -8.9633266e-01	
   2.0970000e+05	   4.0919190e+03	   2.8142754e+02	  -8.9461680e-01	
   2.1060000e+05	   4.1034264e+03	   2.7778026e+02	  -8.9272468e-01	
   2.1150000e+05	   4.1208325e+03	   2.7314496e+02	  -8.9119637e-01	
   2.1240000e+05	   4.1421060e+03	   2.7169667e+02	  -8.9010841e-01	
   2.1330000e+05	   4.1635685e+03	   2.7769053e+02	  -8.8956133e-01	
   2.1420000e+05	   4.1863647e+03	   2.8601445e+02	  -8.8937307e-01	
   2.1510000e+05	   4.2130579e+03	   2.8947126e+02	  -8.8930338e-01	
   2.1600000e+05	   4.2433170e+03	   2.8824072e+02	  -8.8940443e-01	
   2.1690000e+05	   4.2745380e+03	   2.8578695e+02	  -8.8972753e-01	
   2.1780000e+05	   4.3056146e+03	   2.8456423e+02	  -8.8982667e-01	
   2.1870000e+05	   4.3381485e+03	   2.8514589e+02	  -8.8947044e-01	
   2.1960000e+05	   4.3728155e+03	   2.8792505e+02	  -8.8938005e-01	
   2.2050000e+05	   4.4085368e+03	   2.9302136e+02	  -8.9050913e-01	
   2.2140000e+05	   4.4444163e+03	   2.9843759e+02	  -8.9317732e-01	
   2.2230000e+05	   4.4781703e+03	   3.0242007e+02	  -8.9688861e-01	
   2.2320000e+05	   4.5057547e+03	   3.0548565e+02	  -9.0105938e-01	
   2.2410000e+05	   4.5266446e+03	   3.0871533e+02	  -9.0555433e-01	
   2.2500000e+05	   4.5443856e+03	   3.1263766e+02	  -9.1027203e-01	
   2.2590000e+05	   4.5606063e+03	   3.1748415e+02	  -9.1510793e-01	
   2.2680000e+05	   4.5738041e+03	   3.2368400e+02	  -9.2015941e-01	
   2.2770000e+05	   4.5824255e+03	   3.3166888e+02	  -9.2563808e-01	
   2.2860000e+05	   4.5853817e+03	   3.4210257e+02	  -9.3177364e-01	
   2.2950000e+05	   4.5822390e+03	   3.5578375e+02	  -9.3878717e-01	
   2.3040000e+05	   4.5764079e+03	   3.6837006e+02	  -9.4655878e-01	
   2.3130000e+05	   4.5727357e+03	   3.7202875e+02	  -9.5448526e-01	
   2.3220000e+05	   4.5697474e+03	   3.6978285e+02	  -9.6204095e-01	
   2.3310000e+05	   4.5619688e+03	   3.7089939e+02	  -9.6877352e-01	
   2.3400000e+05	   4.5484329e+03	   3.7786612e+02	  -9.7422271e-01	
   2.3490000e+05	   4.5316061e+03	   3.8905382e+02	  -9.7861069e-01	
   2.3580000e+05	   4.5137813e+03	   4.0299892e+02	  -9.8254747e-01	
   2.3670000e+05	   4.4978122e+03	   4.1764085e+02	  -9.8643694e-01	
   2.3760000e+05	   4.4856653e+03	   4.3137040e+02	  -9.9051639e-01	
   2.3850000e+05	   4.4763652e+03	   4.4495704e+02	  -9.9498230e-01	
   2.3940000e+05	   4.4689206e+03	   4.5810742e+02	  -9.9982078e-01	
   2.4030000e+05	   4.4637675e+03	   4.6783610e+02	  -1.0044757e+00	
   2.4120000e+05	   4.4614900e+03	   4.7245209e+02	  -1.0084086e+00	
   2.4210000e+05	   4.4623567e+03	   4.7309537e+02	  -1.0116462e+00	
   2.4300000e+05	   4.4654372e+03	   4.7337535e+02	  -1.0145805e+00	
   2.4390000e+05	   4.4699709e+03	   4.7637241e+02	  -1.0175022e+00	
   2.4480000e+05	   4.4771650e+03	   4.8158994e+02	  -1.0203955e+00	
   2.4570000e+05	   4.4887528e+03	   4.8781562e+02	  -1.0230312e+00	
   2.4660000e+05	   4.5051645e+03	   4.9685012e+02	  -1.0251529e+00	
   2.4750000e+05	   4.5247752e+03	   5.1024241e+02	  -1.0269750e+00	
   2.4840000e+05	   4.5446086e+03	   5.2549122e+02	  -1.0292720e+00	
   2.4930000e+05	   4.5637900e+03	   5.3940515e+02	  -1.0324806e+00	
   2.5020000e+05	   4.5835756e+03	   5.5149355e+02	  -1.0363792e+00	
   2.5110000e+05	   4.6040024e+03	   5.6227892e+02	  -1.0407009e+00	
   2.5200000e+05	   4.6235727e+03	   5.7200781e+02	  -1.0452400e+00	
   2.5290000e+05	   4.6401688e+03	   5.8048235e+02	  -1.0498603e+00	
   2.5380000e+05	   4.6520054e+03	   5.8663777e+02	  -1.0547466e+00	
   2.5470000e+05	   4.6584189e+03	   5.9018848e+02	  -1.0600661e+00	
   2.5560000e+05	   4.6593796e+03	   5.9193978e+02	  -1.0657010e+00	
   2.5650000e+05	   4.6545830e+03	   5.9254003e+02	  -1.0714557e+00	
   2.5740000e+05	   4.6441600e+03	   5.9257095e+02	  -1.0770683e+00	
   2.5830000e+05	   4.6301451e+03	   5.9066798e+02	  -1.0824454e+00	
   2.5920000e+05	   4.6148998e+03	   5.8408392e+02	  -1.0876332e+00	
   2.6010000e+05	   4.5989065e+03	   5.7338181e+02	  -1.0924904e+00	
   2.6100000e+05	   4.5822458e+03	   5.6185591e+02	  -1.0969184e+00	
   2.6190000e+05	   4.5657929e+03	   5.5042495e+02	  -1.1010827e+00	
   2.6280000e+05	   4.5508487e+03	   5.3784306e+02	  -1.1052815e+00	
   2.6370000e+05	   4.5386498e+03	   5.2415797e+02	  -1.1093675e+00	
   2.6460000e+05	   4.5306432e+03	   5.1056020e+02	  -1.1127764e+00	
   2.6550000e+05	   4.5281242e+03	   4.9821264e+02	  -1.1150501e+00	
   2.6640000e+05	   4.5316700e+03	   4.8739997e+02	  -1.1162861e+00	
   2.6730000e+05	   4.5379147e+03	   4.7510347e+02	  -1.1178726e+00	
   2.6820000e+05	   4.5398354e+03	   4.5721853e+02	  -1.1214576e+00	
   2.6910000e+05	   4.5385161e+03	   4.3742576e+02	  -1.1256685e+00	
   2.7000000e+05	   4.5422565e+03	   4.2619195e+02	  -1.1270344e+00	
   2.7090000e+05	   4.5484989e+03	   4.2371534e+02	  -1.1260280e+00	
   2.7180000e+05	   4.5462676e+03	   4.1931180e+02	  -1.1272201e+00	
   2.7270000e+05	   4.5344046e+03	   4.0903551e+02	  -1.1322311e+00	
   2.7360000e+05	   4.5211464e+03	   3.9898329e+02	  -1.1379454e+00	
   2.7450000e+05	   4.5106743e+03	   3.9288136e+02	  -1.1420428e+00	
   2.7540000e+05	   4.5016257e+03	   3.8944106e+02	  -1.1448839e+00	
   2.7630000e+05	   4.4961156e+03	   3.8708832e+02	  -1.1469631e+00	
   2.7720000e+05	   4.5003943e+03	   3.8963738e+02	  -1.1484239e+00	
   2.7810000e+05	   4.5135586e+03	   4.0178701e+02	  -1.1492804e+00	
   2.7900000e+05	   4.5246863e+03	   4.2048784e+02	  -1.1492117e+00	
   2.7990000e+05	   4.5296968e+03	   4.3964629e+02	  -1.1481517e+00	
   2.8080000e+05	   4.5369080e+03	   4.5590420e+02	  -1.1464577e+00	
   2.8170000e+05	   4.5491313e+03	   4.6813800e+02	  -1.1445101e+00	
   2.8260000e+05	   4.5610818e+03	   4.7811057e+02	  -1.1427351e+00	
   2.8350000e+05	   4.5708181e+03	   4.8784994e+02	  -1.1413683e+00	
   2.8440000e+05	   4.5790514e+03	   4.9601809e+02	  -1.1405770e+00	
   2.8530000e+05	   4.5858616e+03	   5.0112202e+02	  -1.1405776e+00	
   2.8620000e+05	   4.5923657e+03	   5.0346332e+02	  -1.1407828e+00	
   2.8710000e+05	   4.6000104e+03	   5.0296470e+02	  -1.1405892e+00	
   2.8800000e+05	   4.6093308e+03	   5.0082496e+02	  -1.1404277e+00	
   2.8890000e+05	   4.6199319e+03	   4.9875869e+02	  -1.1405730e+00	
   2.8980000e+05	   4.6316679e+03	   4.9651527e+02	  -1.1406888e+00	
   2.9070000e+05	   4.6450681e+03	   4.9336913e+02	  -1.1407941e+00	
   2.9160000e+05	   4.6602167e+03	   4.8878160e+02	  -1.1410656e+00	
   2.9250000e+05	   4.6771690e+03	   4.8188786e+02	  -1.1416147e+00	
   2.9340000e+05	   4.6923515e+03	   4.7341996e+02	  -1.1429130e+00	
   2.9430000e+05	   4.7006755e+03	   4.6599767e+02	  -1.1454800e+00	
   2.9520000e+05	   4.7036326e+03	   4.5991739e+02	  -1.1491297e+00	
   2.9610000e+05	   4.7053873e+03	   4.5252244e+02	  -1.1532649e+00	
   2.9700000e+05	   4.7066881e+03	   4.4354695e+02	  -1.1579742e+00	
   2.9790000e+05	   4.7050875e+03	   4.3556746e+02	  -1.1632026e+00	
   2.9880000e+05	   4.6984106e+03	   4.3078430e+02	  -1.1678948e+00	
   2.9970000e+05	   4.6902229e+03	   4.2776607e+02	  -1.1717049e+00	
   3.0060000e+05	   4.6862426e+03	   4.2244525e+02	  -1.1752282e+00	
   3.0150000e+05	   4.6868939e+03	   4.1357994e+02	  -1.1784624e+00	
   3.0240000e+05	   4.6895155e+03	   4.0410037e+02	  -1.1812206e+00	
   3.0330000e+05	   4.6931825e+03	   3.9588517e+02	  -1.1836813e+00	
   3.0420000e+05	   4.6967785e+03	   3.8590818e+02	  -1.1852253e+00	
   3.0510000e+05	   4.6986770e+03	   3.7065934e+02	  -1.1851626e+00	
   3.0600000e+05	   4.6993182e+03	   3.5184566e+02	  -1.1842505e+00	
   3.0690000e+05	   4.7002737e+03	   3.3335374e+02	  -1.1834615e+00	
   3.0780000e+05	   4.7024249e+03	   3.1970451e+02	  -1.1831012e+00	
   3.0870000e+05	   4.7065092e+03	   3.1364988e+02	  -1.1834111e+00	
   3.0960000e+05	   4.7136586e+03	   3.1033397e+02	  -1.1846426e+00	
   3.1050000e+05	   4.7225568e+03	   3.0314895e+02	  -1.1870220e+00	
   3.1140000e+05	   4.7290222e+03	   2.9068694e+02	  -1.1900811e+00	
   3.1230000e+05	   4.7317810e+03	   2.7475643e+02	  -1.1924351e+00	
   3.1320000e+05	   4.7345554e+03	   2.6290390e+02	  -1.1939669e+00	
   3.1410000e+05	   4.7397456e+03	   2.6204084e+02	  -1.1960031e+00	
   3.1500000e+05	   4.7444402e+03	   2.6780603e+02	  -1.1983277e+00	
   3.1590000e+05	   4.7472780e+03	   2.7195162e+02	  -1.1996193e+00	
   3.1680000e+05	   4.7523609e+03	   2.7279303e+02	  -1.1996199e+00	
   3.1770000e+05	   4.7604487e+03	   2.7185723e+02	  -1.1988149e+00	
   3.1860000e+05	   4.7665801e+03	   2.7036135e+02	  -1.1978436e+00	
   3.1950000e+05	   4.7681955e+03	   2.6973806e+02	  -1.1971034e+00	
   3.2040000e+05	   4.7667760e+03	   2.7219495e+02	  -1.1967261e+00	
   3.2130000e+05	   4.7646167e+03	   2.7954036e+02	  -1.1969117e+00	
   3.2220000e+05	   4.7621710e+03	   2.8916952e+02	  -1.1975243e+00	
   3.2310000e+05	   4.7584608e+03	   2.9630662e+02	  -1.1980762e+00	
   3.2400000e+05	   4.7549226e+03	   2.9774104e+02	  -1.1981195e+00	
   3.2490000e+05	   4.7507363e+03	   2.9274609e+02	  -1.1975199e+00	
   3.2580000e+05	   4.7379144e+03	   2.8761813e+02	  -1.1965079e+00	
   3.2670000e+05	   4.7144282e+03	   2.8933009e+02	  -1.1954168e+00	
   3.2760000e+05	   4.6907283e+03	   2.9619120e+02	  -1.1943881e+00	
   3.2850000e+05	   4.6737418e+03	   3.0421571e+02	  -1.1933406e+00	
   3.2940000e+05	   4.6633974e+03	   3.1179355e+02	  -1.1916245e+00	
   3.3030000e+05	   4.6587110e+03	   3.1651442e+02	  -1.1883866e+00	
   3.3120000e+05	   4.6566517e+03	   3.1676810e+02	  -1.1843347e+00	
   3.3210000e+05	   4.6544191e+03	   3.1504597e+02	  -1.1807541e+00	
   3.3300000e+05	   4.6504065e+03	   3.1626635e+02	  -1.1769806e+00	
   3.3390000e+05	   4.6452515e+03	   3.2048057e+02	  -1.1722706e+00	
   3.3480000e+05	   4.6442399e+03	   3.2485806e+02	  -1.1679618e+00	
   3.3570000e+05	   4.6497059e+03	   3.2883206e+02	  -1.1648359e+00	
   3.3660000e+05	   4.6557503e+03	   3.3297877e+02	  -1.1617603e+00	
   3.3750000e+05	   4.6589380e+03	   3.3946682e+02	  -1.1579188e+00	
   3.3840000e+05	   4.6637160e+03	   3.5298919e+02	  -1.1533835e+00	
   3.3930000e+05	   4.6760834e+03	   3.7471776e+02	  -1.1484187e+00	
   3.4020000e+05	   4.6996832e+03	   3.9802210e+02	  -1.1433329e+00	
   3.4110000e+05	   4.7312089e+03	   4.1780877e+02	  -1.1383225e+00	
   3.4200000e+05	   4.7628193e+03	   4.3538432e+02	  -1.1335889e+00	
   3.4290000e+05	   4.7917054e+03	   4.5306134e+02	  -1.1293106e+00	
   3.4380000e+05	   4.8199815e+03	   4.7263163e+02	  -1.1255587e+00	
   3.4470000e+05	   4.8485217e+03	   4.9333378e+02	  -1.1229693e+00	
   3.4560000e+05	   4.8762555e+03	   5.1216085e+02	  -1.1225589e+00	
   3.4650000e+05	   4.9021599e+03	   5.2714679e+02	  -1.1237443e+00	
   3.4740000e+05	   4.9254431e+03	   5.3839871e+02	  -1.1249299e+00	
   3.4830000e+05	   4.9455027e+03	   5.4794579e+02	  -1.1264633e+00	
   3.4920000e+05	   4.9622174e+03	   5.5621933e+02	  -1.1294240e+00	
   3.5010000e+05	   4.9764849e+03	   5.6107468e+02	  -1.1331757e+00	
   3.5100000e+05	   4.9908886e+03	   5.6541380e+02	  -1.1361889e+00	
   3.5190000e+05	   5.0037697e+03	   5.7347000e+02	  -1.1381851e+00	
   3.5280000e+05	   5.0056401e+03	   5.8066476e+02	  -1.1396955e+00	
   3.5370000e+05	   4.9953211e+03	   5.7987823e+02	  -1.1405647e+00	
   3.5460000e+05	   4.9866914e+03	   5.7069316e+02	  -1.1407106e+00	
   3.5550000e+05	   4.9835838e+03	   5.5628912e+02	  -1.1402977e+00	
   3.5640000e+05	   4.9744290e+03	   5.3961811e+02	  -1.1392488e+00	
   3.5730000e+05	   4.9534436e+03	   5.2125783e+02	  -1.1377020e+00	
   3.5820000e+05	   4.9248465e+03	   5.0222172e+02	  -1.1355576e+00	
   3.5910000e+05	   4.8944402e+03	   4.8518164e+02	  -1.1326911e+00	
   3.6000000e+05	   4.8676027e+03	   4.7243476e+02	  -1.1293248e+00	
   3.6090000e+05	   4.8464695e+03	   4.6529707e+02	  -1.1255007e+00	
   3.6180000e+05	   4.8291057e+03	   4.6143586e+02	  -1.1213134e+00	
   3.6270000e+05	   4.8134734e+03	   4.5701848e+02	  -1.1169853e+00	
   3.6360000e+05	   4.7982144e+03	   4.5245683e+02	  -1.1124894e+00	
   3.6450000e+05	   4.7820797e+03	   4.5235431e+02	  -1.1073595e+00	
   3.6540000e+05	   4.7651563e+03	   4.6235848e+02	  -1.1009245e+00	
   3.6630000e+05	   4.7518741e+03	   4.8452037e+02	  -1.0929655e+00	
   3.6720000e+05	   4.7471040e+03	   5.1398405e+02	  -1.0838543e+00	
   3.6810000e+05	   4.7507746e+03	   5.4395749e+02	  -1.0743307e+00	
   3.6900000e+05	   4.7615228e+03	   5.6683080e+02	  -1.0652532e+00	
   3.6990000e+05	   4.7777895e+03	   5.7607467e+02	  -1.0568755e+00	
   3.7080000e+05	   4.7971468e+03	   5.7359912e+02	  -1.0487349e+00	
   3.7170000e+05	   4.8185386e+03	   5.6566785e+02	  -1.0408362e+00	
   3.7260000e+05	   4.8411191e+03	   5.5651045e+02	  -1.0339017e+00	
   3.7350000e+05	   4.8626910e+03	   5.4802518e+02	  -1.0285004e+00	
   3.7440000e+05	   4.8812723e+03	   5.4079298e+02	  -1.0249350e+00	
   3.7530000e+05	   4.8969844e+03	   5.3480067e+02	  -1.0233721e+00	
   3.7620000e+05	   4.9124853e+03	   5.2768320e+02	  -1.0235097e+00	
   3.7710000e+05	   4.9304535e+03	   5.1705426e+02	  -1.0248169e+00	
   3.7800000e+05	   4.9514353e+03	   5.0741411e+02	  -1.0269925e+00	
   3.7890000e+05	   4.9744043e+03	   5.0545143e+02	  -1.0299861e+00	
   3.7980000e+05	   4.9951649e+03	   5.1044231e+02	  -1.0334585e+00	
   3.8070000e+05	   5.0094313e+03	   5.1810463e+02	  -1.0367590e+00	
   3.8160000e+05	   5.0186195e+03	   5.2739482e+02	  -1.0392480e+00	
   3.8250000e+05	   5.0257929e+03	   5.3765853e+02	  -1.0407629e+00	
   3.8340000e+05	   5.0312904e+03	   5.4505157e+02	  -1.0421172e+00	
   3.8430000e+05	   5.0341686e+03	   5.4741055e+02	  -1.0440933e+00	
   3.8520000e+05	   5.0341121e+03	   5.4814953e+02	  -1.0463237e+00	
   3.8610000e+05	   5.0324713e+03	   5.4917394e+02	  -1.0483226e+00	
   3.8700000e+05	   5.0322889e+03	   5.5128445e+02	  -1.0503087e+00	
   3.8790000e+05	   5.0346893e+03	   5.5719063e+02	  -1.0520880e+00	
   3.8880000e+05	   5.0372648e+03	   5.6482543e+02	  -1.0529820e+00	
   3.8970000e+05	   5.0373603e+03	   5.6932828e+02	  -1.0534090e+00	
   3.9060000e+05	   5.0339248e+03	   5.6765056e+02	  -1.0544032e+00	
   3.9150000e+05	   5.0269071e+03	   5.5817840e+02	  -1.0560454e+00	
   3.9240000e+05	   5.0192027e+03	   5.4637131e+02	  -1.0579228e+00	
   3.9330000e+05	   5.0162075e+03	   5.4119459e+02	  -1.0597821e+00	
   3.9420000e+05	   5.0171489e+03	   5.4398533e+02	  -1.0612312e+00	
   3.9510000e+05	   5.0175749e+03	   5.5087279e+02	  -1.0618774e+00	
   3.9600000e+05	   5.0187903e+03	   5.5941006e+02	  -1.0615836e+00	
   3.9690000e+05	   5.0247947e+03	   5.6778302e+02	  -1.0606380e+00	
   3.9780000e+05	   5.0365310e+03	   5.7465589e+02	  -1.0599770e+00	
   3.9870000e+05	   5.0496183e+03	   5.8111295e+02	  -1.0606624e+00	
   3.9960000e+05	   5.0579242e+03	   5.8998075e+02	  -1.0628425e+00	
   4.0050000e+05	   5.0610232e+03	   6.0287344e+02	  -1.0659473e+00	
   4.0140000e+05	   5.0624606e+03	   6.1835517e+02	  -1.0696201e+00	
   4.0230000e+05	   5.0636789e+03	   6.3382345e+02	  -1.0739286e+00	
   4.0320000e+05	   5.0646995e+03	   6.4849474e+02	  -1.0788886e+00	
   4.0410000e+05	   5.0635747e+03	   6.6279194e+02	  -1.0840069e+00	
   4.0500000e+05	   5.0557728e+03	   6.7304343e+02	  -1.0888588e+00	
   4.0590000e+05	   5.0393505e+03	   6.7339441e+02	  -1.0935176e+00	
   4.0680000e+05	   5.0170138e+03	   6.6863801e+02	  -1.0976947e+00	
   4.0770000e+05	   4.9917214e+03	   6.6884865e+02	  -1.1009372e+00	
   4.0860000e+05	   4.9670220e+03	   6.7366019e+02	  -1.1031827e+00	
   4.0950000e+05	   4.9475850e+03	   6.7680457e+02	  -1.1046447e+00	
   4.1040000e+05	   4.9348845e+03	   6.7722744e+02	  -1.1058126e+00	
   4.1130000e+05	   4.9274773e+03	   6.7734303e+02	  -1.1066448e+00	
   4.1220000e+05	   4.9233358e+03	   6.7556039e+02	  -1.1066994e+00	
   4.1310000e+05	   4.9200063e+03	   6.6741176e+02	  -1.1058866e+00	
   4.1400000e+05	   4.9153999e+03	   6.5316912e+02	  -1.1040234e+00	
   4.1490000e+05	   4.9079004e+03	   6.3699135e+02	  -1.1006954e+00	
   4.1580000e+05	   4.8965436e+03	   6.2360501e+02	  -1.0958235e+00	
   4.1670000e+05	   4.8838383e+03	   6.1576423e+02	  -1.0902358e+00	
   4.1760000e+05	   4.8737235e+03	   6.1081320e+02	  -1.0850042e+00	
   4.1850000e+05	   4.8667827e+03	   6.0504520e+02	  -1.0803598e+00	
   4.1940000e+05	   4.8636080e+03	   5.9793956e+02	  -1.0760161e+00	
   4.2030000e+05	   4.8657865e+03	   5.9008588e+02	  -1.0716198e+00	
   4.2120000e+05	   4.8722656e+03	   5.8167078e+02	  -1.0671444e+00	
   4.2210000e+05	   4.8814973e+03	   5.7329269e+02	  -1.0630086e+00	
   4.2300000e+05	   4.8934801e+03	   5.6592742e+02	  -1.0597830e+00	
   4.2390000e+05	   4.9077526e+03	   5.5972837e+02	  -1.0578347e+00	
   4.2480000e+05	   4.9248491e+03	   5.5561360e+02	  -1.0570382e+00	
   4.2570000e+05	   4.9471535e+03	   5.5487234e+02	  -1.0570737e+00	
   4.2660000e+05	   4.9753327e+03	   5.5491982e+02	  -1.0575572e+00	
   4.2750000e+05	   5.0075497e+03	   5.5267903e+02	  -1.0582185e+00	
   4.2840000e+05	   5.0397652e+03	   5.4898064e+02	  -1.0590822e+00	
   4.2930000e+05	   5.0680779e+03	   5.4487542e+02	  -1.0600935e+00	
   4.3020000e+05	   5.0919938e+03	   5.3965723e+02	  -1.0608809e+00	
   4.3110000e+05	   5.1131207e+03	   5.3316537e+02	  -1.0613301e+00	
   4.3200000e+05	   5.1309633e+03	   5.2508054e+02	  -1.0618145e+00	
   4.3290000e+05	   5.1437566e+03	   5.1390738e+02	  -1.0627318e+00	
   4.3380000e+05	   5.1526162e+03	   5.0162761e+02	  -1.0642913e+00	
   4.3470000e+05	   5.1596004e+03	   4.9285764e+02	  -1.0663893e+00	
   4.3560000e+05	   5.1650988e+03	   4.8879572e+02	  -1.0687497e+00	
   4.3650000e+05	   5.1688003e+03	   4.8845507e+02	  -1.0709237e+00	
   4.3740000e+05	   5.1700097e+03	   4.9001674e+02	  -1.0720698e+00	
   4.3830000e+05	   5.1686822e+03	   4.9068542e+02	  -1.0715419e+00	
   4.3920000e+05	   5.1665475e+03	   4.8927861e+02	  -1.0691105e+00	
   4.4010000e+05	   5.1644988e+03	   4.8510431e+02	  -1.0653885e+00	
   4.4100000e+05	   5.1605850e+03	   4.7779144e+02	  -1.0618996e+00	
   4.4190000e+05	   5.1535423e+03	   4.6849986e+02	  -1.0593139e+00	
   4.4280000e+05	   5.1456274e+03	   4.5850874e+02	  -1.0571933e+00	
   4.4370000e+05	   5.1397178e+03	   4.4956283e+02	  -1.0548947e+00	
   4.4460000e+05	   5.1372594e+03	   4.4686607e+02	  -1.0520951e+00	
   4.4550000e+05	   5.1388301e+03	   4.5405978e+02	  -1.0491317e+00	
   4.4640000e+05	   5.1446158e+03	   4.6649893e+02	  -1.0458433e+00	
   4.4730000e+05	   5.1541306e+03	   4.7753018e+02	  -1.0416010e+00	
   4.4820000e+05	   5.1660206e+03	   4.8509584e+02	  -1.0367865e+00	
   4.4910000e+05	   5.1807147e+03	   4.8937930e+02	  -1.0320608e+00	
   4.5000000e+05	   5.1999066e+03	   4.9080977e+02	  -1.0279130e+00	
   4.5090000e+05	   5.2219512e+03	   4.9025479e+02	  -1.0248555e+00	
   4.5180000e+05	   5.2434225e+03	   4.8922870e+02	  -1.0231609e+00	
   4.5270000e+05	   5.2645934e+03	   4.8927308e+02	  -1.0227326e+00	
   4.5360000e+05	   5.2876313e+03	   4.8974738e+02	  -1.0228072e+00	
   4.5450000e+05	   5.3116188e+03	   4.8803446e+02	  -1.0232663e+00	
   4.5540000e+05	   5.3352895e+03	   4.8195220e+02	  -1.0250015e+00	
   4.5630000e+05	   5.3587455e+03	   4.7289984e+02	  -1.0280960e+00	
   4.5720000e+05	   5.3792838e+03	   4.6526513e+02	  -1.0316899e+00	
   4.5810000e+05	   5.3942417e+03	   4.5956751e+02	  -1.0351760e+00	
   4.5900000e+05	   5.4058041e+03	   4.5094835e+02	  -1.0385479e+00	
   4.5990000e+05	   5.4162506e+03	   4.3764615e+02	  -1.0420223e+00	
   4.6080000e+05	   5.4246522e+03	   4.2475765e+02	  -1.0457899e+00	
   4.6170000e+05	   5.4304498e+03	   4.1499549e+02	  -1.0496479e+00	
   4.6260000e+05	   5.4336877e+03	   4.0550864e+02	  -1.0529502e+00	
   4.6350000e+05	   5.4347333e+03	   3.9682857e+02	  -1.0551962e+00	
   4.6440000e+05	   5.4361451e+03	   3.9399823e+02	  -1.0561968e+00	
   4.6530000e+05	   5.4389510e+03	   3.9788002e+02	  -1.0561939e+00	
   4.6620000e+05	   5.4407146e+03	   4.0387960e+02	  -1.0558055e+00	
   4.6710000e+05	   5.4382572e+03	   4.0737466e+02	  -1.0553839e+00	
   4.6800000e+05	   5.4282435e+03	   4.0707459e+02	  -1.0552278e+00	
   4.6890000e+05	   5.4094598e+03	   4.0350835e+02	  -1.0560301e+00	
   4.6980000e+05	   5.3851361e+03	   3.9787067e+02	  -1.0580779e+00	
   4.7070000e+05	   5.3588777e+03	   3.9214358e+02	  -1.0608730e+00	
   4.7160000e+05	   5.3318655e+03	   3.8722172e+02	  -1.0640543e+00	
   4.7250000e+05	   5.3041813e+03	   3.8286547e+02	  -1.0675667e+00	
   4.7340000e+05	   5.2740627e+03	   3.7864820e+02	  -1.0712575e+00	
   4.7430000e+05	   5.2390405e+03	   3.7361051e+02	  -1.0748868e+00	
   4.7520000e+05	   5.2006523e+03	   3.6639244e+02	  -1.0780046e+00	
   4.7610000e+05	   5.1624918e+03	   3.5639902e+02	  -1.0800200e+00	
   4.7700000e+05	   5.1249233e+03	   3.4662337e+02	  -1.0808736e+00	
   4.7790000e+05	   5.0864902e+03	   3.4047425e+02	  -1.0811445e+00	
   4.7880000e+05	   5.0464701e+03	   3.3644715e+02	  -1.0809082e+00	
   4.7970000e+05	   5.0033453e+03	   3.3162010e+02	  -1.0796516e+00	
   4.8060000e+05	   4.9556315e+03	   3.2740186e+02	  -1.0773586e+00	
   4.8150000e+05	   4.9054549e+03	   3.2673376e+02	  -1.0741970e+00	
   4.8240000e+05	   4.8574876e+03	   3.2937414e+02	  -1.0699493e+00	
   4.8330000e+05	   4.8139461e+03	   3.3354105e+02	  -1.0642765e+00	
   4.8420000e+05	   4.7748990e+03	   3.4075594e+02	  -1.0571728e+00	
   4.8510000e+05	   4.7400972e+03	   3.5257899e+02	  -1.0493280e+00	
   4.8600000e+05	   4.7093034e+03	   3.6727850e+02	  -1.0417148e+00	
   4.8690000e+05	   4.6846412e+03	   3.8366813e+02	  -1.0345778e+00	
   4.8780000e+05	   4.6679283e+03	   3.9886313e+02	  -1.0273715e+00	
   4.8870000e+05	   4.6567525e+03	   4.0837857e+02	  -1.0197431e+00	
   4.8960000e+05	   4.6481947e+03	   4.1395804e+02	  -1.0120501e+00	
   4.9050000e+05	   4.6428426e+03	   4.1984812e+02	  -1.0045087e+00	
   4.9140000e+05	   4.6412675e+03	   4.2347500e+02	  -9.9686443e-01	
   4.9230000e+05	   4.6448566e+03	   4.1991236e+02	  -9.8957800e-01	
   4.9320000e+05	   4.6571166e+03	   4.1274276e+02	  -9.8437007e-01	
   4.9410000e+05	   4.6751979e+03	   4.1015143e+02	  -9.8193578e-01	
   4.9500000e+05	   4.6915514e+03	   4.1357947e+02	  -9.8117770e-01	
   4.9590000e+05	   4.7046956e+03	   4.1969705e+02	  -9.8105336e-01	
   4.9680000e+05	   4.7174339e+03	   4.2719639e+02	  -9.8088386e-01	
   4.9770000e+05	   4.7298083e+03	   4.3533813e+02	  -9.8071553e-01	
   4.9860000e+05	   4.7401365e+03	   4.4174001e+02	  -9.8128985e-01	
   4.9950000e+05	   4.7471650e+03	   4.4532946e+02	  -9.8256670e-01	
   5.0040000e+05	   4.7483283e+03	   4.4786455e+02	  -9.8407439e-01	
   5.0130000e+05	   4.7434090e+03	   4.5084454e+02	  -9.8579466e-01	
   5.0220000e+05	   4.7363336e+03	   4.5421100e+02	  -9.8774671e-01	
   5.0310000e+05	   4.7291191e+03	   4.5762062e+02	  -9.8979589e-01	
   5.0400000e+05	   4.7219687e+03	   4.6122012e+02	  -9.9183187e-01	
   5.0490000e+05	   4.7149449e+03	   4.6528823e+02	  -9.9369757e-01	
   5.0580000e+05	   4.7068574e+03	   4.6947861e+02	  -9.9494096e-01	
   5.0670000e+05	   4.6965662e+03	   4.7312111e+02	  -9.9528397e-01	
   5.0760000e+05	   4.6841106e+03	   4.7645826e+02	  -9.9541662e-01	
   5.0850000e+05	   4.6697708e+03	   4.7984278e+02	  -9.9617961e-01	
   5.0940000e+05	   4.6536608e+03	   4.8325468e+02	  -9.9774471e-01	
   5.1030000e+05	   4.6359155e+03	   4.8670689e+02	  -1.0000645e+00	
   5.1120000e+05	   4.6166794e+03	   4.9021672e+02	  -1.0030922e+00	
   5.1210000e+05	   4.5961463e+03	   4.9374141e+02	  -1.0067892e+00	
   5.1300000e+05	   4.5745451e+03	   4.9723742e+02	  -1.0111662e+00	
   5.1390000e+05	   4.5520019e+03	   5.0063010e+02	  -1.0162669e+00	
   5.1480000e+05	   4.5285606e+03	   5.0379349e+02	  -1.0221196e+00	
   5.1570000e+05	   4.5029696e+03	   5.0725514e+02	  -1.0283020e+00	
   5.1660000e+05	   4.4729109e+03	   5.1204539e+02	  -1.0340304e+00	
   5.1750000e+05	   4.4388467e+03	   5.1784270e+02	  -1.0393867e+00	
   5.1840000e+05	   4.4037340e+03	   5.2345524e+02	  -1.0452007e+00	
   5.1930000e+05	   4.3691008e+03	   5.2859056e+02	  -1.0518088e+00	
   5.2020000e+05	   4.3347334e+03	   5.3375438e+02	  -1.0590152e+00	
   5.2110000e+05	   4.3002476e+03	   5.3947527e+02	  -1.0665697e+00	
   5.2200000e+05	   4.2652893e+03	   5.4622721e+02	  -1.0742355e+00	
   5.2290000e+05	   4.2295843e+03	   5.5437816e+02	  -1.0817780e+00	
   5.2380000e+05	   4.1930648e+03	   5.6411553e+02	  -1.0889292e+00	
   5.2470000e+05	   4.1557323e+03	   5.7535216e+02	  -1.0955666e+00	
   5.2560000e+05	   4.1176206e+03	   5.8780393e+02	  -1.1017080e+00	
   5.2650000e+05	   4.0787715e+03	   6.0118839e+02	  -1.1073758e+00	
   5.2740000e+05	   4.0392314e+03	   6.1520556e+02	  -1.1126013e+00	
   5.2830000e+05	   3.9990519e+03	   6.2955101e+02	  -1.1174213e+00	
   5.2920000e+05	   3.9582904e+03	   6.4393095e+02	  -1.1218725e+00	
   5.3010000e+05	   3.9170094e+03	   6.5805848e+02	  -1.1259915e+00	
   5.3100000e+05	   3.8752765e+03	   6.7165048e+02	  -1.1298152e+00	
   5.3190000e+05	   3.8331816e+03	   6.8441852e+02	  -1.1333817e+00	
   5.3280000e+05	   3.7908582e+03	   6.9605797e+02	  -1.1367329e+00	
   5.3370000e+05	   3.7484510e+03	   7.0626052e+02	  -1.1399120e+00	
   5.3460000e+05	   3.7061113e+03	   7.1471694e+02	  -1.1429631e+00	
   5.3550000e+05	   3.6639985e+03	   7.2111855e+02	  -1.1459312e+00	
   5.3640000e+05	   3.6222812e+03	   7.2515940e+02	  -1.1488612e+00	
   5.3730000e+05	   3.5811390e+03	   7.2653919e+02	  -1.1517969e+00	
   5.3820000e+05	   3.5407647e+03	   7.2496737e+02	  -1.1547802e+00	
   5.3910000e+05	   3.5013744e+03	   7.2020978e+02	  -1.1578550e+00	
   5.4000000e+05	   3.4633340e+03	   7.1250659e+02	  -1.1611122e+00	
   5.4090000e+05	   3.4272434e+03	   7.0265870e+02	  -1.1644237e+00	
   5.4180000e+05	   3.3936800e+03	   6.9173397e+02	  -1.1674207e+00	
   5.4270000e+05	   3.3630819e+03	   6.8083319e+02	  -1.1696837e+00	
   5.4360000e+05	   3.3359724e+03	   6.7103741e+02	  -1.1707424e+00	
   5.4450000e+05	   3.3129332e+03	   6.6346547e+02	  -1.1701074e+00	
   5.4540000e+05	   3.2943465e+03	   6.5928725e+02	  -1.1673226e+00	
   5.4630000e+05	   3.2802168e+03	   6.5938759e+02	  -1.1622910e+00	
   5.4720000e+05	   3.2703294e+03	   6.6439802e+02	  -1.1552095e+00	
