   0.0000000e+00	   5.5059930e+02	   2.9536336e+02	   8.3206521e-01	
   9.0000000e+02	   5.6442685e+02	   2.7816670e+02	   8.5539395e-01	
   1.8000000e+03	   5.7320874e+02	   2.6806879e+02	   8.7726804e-01	
   2.7000000e+03	   5.7917483e+02	   2.6605543e+02	   8.9743463e-01	
   3.6000000e+03	   5.8563979e+02	   2.6989671e+02	   9.1590386e-01	
   4.5000000e+03	   5.9441229e+02	   2.7530152e+02	   9.3623273e-01	
   5.4000000e+03	   6.0260137e+02	   2.7902563e+02	   9.5464125e-01	
   6.3000000e+03	   6.0736798e+02	   2.8021185e+02	   9.6099613e-01	
   7.2000000e+03	   6.1096641e+02	   2.8263116e+02	   9.5386715e-01	
   8.1000000e+03	   6.1757835e+02	   2.9133926e+02	   9.4316718e-01	
   9.0000000e+03	   6.2643721e+02	   3.0480841e+02	   9.4252452e-01	
   9.9000000e+03	   6.3361312e+02	   3.1746935e+02	   9.5913698e-01	
   1.0800000e+04	   6.3832792e+02	   3.2730626e+02	   9.8702097e-01	
   1.1700000e+04	   6.4135787e+02	   3.3522252e+02	   1.0115944e+00	
   1.2600000e+04	   6.4045544e+02	   3.3985971e+02	   1.0213448e+00	
   1.3500000e+04	   6.3625376e+02	   3.3880834e+02	   1.0180565e+00	
   1.4400000e+04	   6.3670532e+02	   3.3580775e+02	   1.0130516e+00	
   1.5300000e+04	   6.4570761e+02	   3.3641893e+02	   1.0092230e+00	
   1.6200000e+04	   6.6247174e+02	   3.3856125e+02	   1.0050551e+00	
   1.7100000e+04	   6.8372797e+02	   3.3793278e+02	   1.0081433e+00	
   1.8000000e+04	   7.0024620e+02	   3.3464930e+02	   1.0235157e+00	
   1.8900000e+04	   7.0607245e+02	   3.2924689e+02	   1.0499381e+00	
   1.9800000e+04	   7.0429386e+02	   3.2030980e+02	   1.0851247e+00	
   2.0700000e+04	   7.0142713e+02	   3.0547855e+02	   1.1172944e+00	
   2.1600000e+04	   7.0387632e+02	   2.8388237e+02	   1.1290948e+00	
   2.2500000e+04	   7.1553205e+02	   2.5958988e+02	   1.1223793e+00	
   2.3400000e+04	   7.3545589e+02	   2.3826720e+02	   1.1114360e+00	
   2.4300000e+04	   7.6065499e+02	   2.2147519e+02	   1.1118378e+00	
   2.5200000e+04	   7.8897701e+02	   2.1002926e+02	   1.1377306e+00	
   2.6100000e+04	   8.1673272e+02	   2.0656736e+02	   1.1763348e+00	
   2.7000000e+04	   8.3831188e+02	   2.0936008e+02	   1.1973086e+00	
   2.7900000e+04	   8.5604900e+02	   2.1619143e+02	   1.1973589e+00	
   2.8800000e+04	   8.7643611e+02	   2.2242555e+02	   1.1974167e+00	
   2.9700000e+04	   8.9847233e+02	   2.2124319e+02	   1.2082364e+00	
   3.0600000e+04	   9.2039721e+02	   2.1375775e+02	   1.2235269e+00	
   3.1500000e+04	   9.4326284e+02	   2.0579491e+02	   1.2344097e+00	
   3.2400000e+04	   9.6631352e+02	   1.9893996e+02	   1.2423112e+00	
   3.3300000e+04	   9.8819020e+02	   1.9036892e+02	   1.2541829e+00	
   3.4200000e+04	   1.0092669e+03	   1.8142627e+02	   1.2696105e+00	
   3.5100000e+04	   1.0292209e+03	   1.7751349e+02	   1.2830330e+00	
   3.6000000e+04	   1.0467233e+03	   1.7756832e+02	   1.2919851e+00	
   3.6900000e+04	   1.0616542e+03	   1.7566988e+02	   1.2980390e+00	
   3.7800000e+04	   1.0756476e+03	   1.6939199e+02	   1.3039817e+00	
   3.8700000e+04	   1.0904163e+03	   1.5884978e+02	   1.3111802e+00	
   3.9600000e+04	   1.1077943e+03	   1.4587289e+02	   1.3192801e+00	
   4.0500000e+04	   1.1298727e+03	   1.3359634e+02	   1.3276204e+00	
   4.1400000e+04	   1.1549045e+03	   1.2448887e+02	   1.3371702e+00	
   4.2300000e+04	   1.1788623e+03	   1.1956857e+02	   1.3492881e+00	
   4.3200000e+04	   1.2017256e+03	   1.1793445e+02	   1.3623107e+00	
   4.4100000e+04	   1.2257159e+03	   1.1748820e+02	   1.3741761e+00	
   4.5000000e+04	   1.2515594e+03	   1.1765201e+02	   1.3847921e+00	
   4.5900000e+04	   1.2796245e+03	   1.2017226e+02	   1.3931353e+00	
   4.6800000e+04	   1.3083466e+03	   1.2632022e+02	   1.3969527e+00	
   4.7700000e+04	   1.3329185e+03	   1.3589028e+02	   1.3967388e+00	
   4.8600000e+04	   1.3512353e+03	   1.4744977e+02	   1.3963155e+00	
   4.9500000e+04	   1.3672951e+03	   1.6050885e+02	   1.3966755e+00	
   5.0400000e+04	   1.3850621e+03	   1.7450587e+02	   1.3957089e+00	
   5.1300000e+04	   1.4036467e+03	   1.8648206e+02	   1.3935501e+00	
   5.2200000e+04	   1.4220696e+03	   1.9445839e+02	   1.3922563e+00	
   5.3100000e+04	   1.4430662e+03	   1.9802164e+02	   1.3923890e+00	
   5.4000000e+04	   1.4701874e+03	   1.9893850e+02	   1.3919943e+00	
   5.4900000e+04	   1.5034594e+03	   2.0007336e+02	   1.3895033e+00	
   5.5800000e+04	   1.5384997e+03	   2.0112599e+02	   1.3864721e+00	
   5.6700000e+04	   1.5704579e+03	   1.9953036e+02	   1.3854906e+00	
   5.7600000e+04	   1.5977073e+03	   1.9635422e+02	   1.3872600e+00	
   5.8500000e+04	   1.6219963e+03	   1.9359006e+02	   1.3914322e+00	
   5.9400000e+04	   1.6466178e+03	   1.8911168e+02	   1.3972531e+00	
   6.0300000e+04	   1.6725854e+03	   1.8025805e+02	   1.4031752e+00	
   6.1200000e+04	   1.6976204e+03	   1.6989394e+02	   1.4078129e+00	
   6.2100000e+04	   1.7186545e+03	   1.6252057e+02	   1.4112149e+00	
   6.3000000e+04	   1.7328283e+03	   1.5890292e+02	   1.4151939e+00	
   6.3900000e+04	   1.7402999e+03	   1.5734982e+02	   1.4220294e+00	
   6.4800000e+04	   1.7469994e+03	   1.5663358e+02	   1.4323985e+00	
   6.5700000e+04	   1.7594680e+03	   1.5606218e+02	   1.4444261e+00	
   6.6600000e+04	   1.7798874e+03	   1.5712595e+02	   1.4532754e+00	
   6.7500000e+04	   1.8082408e+03	   1.6306133e+02	   1.4547268e+00	
   6.8400000e+04	   1.8433779e+03	   1.7399567e+02	   1.4511163e+00	
   6.9300000e+04	   1.8814578e+03	   1.8650972e+02	   1.4481829e+00	
   7.0200000e+04	   1.9189224e+03	   1.9765626e+02	   1.4474907e+00	
   7.1100000e+04	   1.9536355e+03	   2.0621252e+02	   1.4469139e+00	
   7.2000000e+04	   1.9832774e+03	   2.1385502e+02	   1.4460215e+00	
   7.2900000e+04	   2.0083902e+03	   2.2204796e+02	   1.4467062e+00	
   7.3800000e+04	   2.0287210e+03	   2.2894578e+02	   1.4484724e+00	
   7.4700000e+04	   2.0392789e+03	   2.3191383e+02	   1.4491811e+00	
   7.5600000e+04	   2.0401382e+03	   2.3310676e+02	   1.4495056e+00	
   7.6500000e+04	   2.0375874e+03	   2.3637482e+02	   1.4517845e+00	
   7.7400000e+04	   2.0360620e+03	   2.4215292e+02	   1.4572611e+00	
   7.8300000e+04	   2.0367574e+03	   2.4968835e+02	   1.4653171e+00	
   7.9200000e+04	   2.0403083e+03	   2.5879693e+02	   1.4740497e+00	
   8.0100000e+04	   2.0465156e+03	   2.6913887e+02	   1.4819329e+00	
   8.1000000e+04	   2.0544321e+03	   2.7996175e+02	   1.4881513e+00	
   8.1900000e+04	   2.0660899e+03	   2.9012494e+02	   1.4930428e+00	
   8.2800000e+04	   2.0850950e+03	   2.9828068e+02	   1.4974384e+00	
   8.3700000e+04	   2.1101912e+03	   3.0264345e+02	   1.5014252e+00	
   8.4600000e+04	   2.1365752e+03	   3.0381924e+02	   1.5054930e+00	
   8.5500000e+04	   2.1618894e+03	   3.0390745e+02	   1.5100980e+00	
   8.6400000e+04	   2.1863544e+03	   3.0395404e+02	   1.5155253e+00	
   8.7300000e+04	   2.2100397e+03	   3.0429160e+02	   1.5220603e+00	
   8.8200000e+04	   2.2307770e+03	   3.0573704e+02	   1.5295414e+00	
   8.9100000e+04	   2.2450034e+03	   3.0918878e+02	   1.5373986e+00	
   9.0000000e+04	   2.2529512e+03	   3.1390787e+02	   1.5453359e+00	
   9.0900000e+04	   2.2579714e+03	   3.1835015e+02	   1.5539336e+00	
   9.1800000e+04	   2.2594121e+03	   3.2192715e+02	   1.5642106e+00	
   9.2700000e+04	   2.2558601e+03	   3.2464950e+02	  -1.5647004e+00	
   9.3600000e+04	   2.2532496e+03	   3.2711504e+02	  -1.5497902e+00	
   9.4500000e+04	   2.2589623e+03	   3.2967245e+02	  -1.5341625e+00	
   9.5400000e+04	   2.2749937e+03	   3.3123084e+02	  -1.5202460e+00	
   9.6300000e+04	   2.2992262e+03	   3.3107494e+02	  -1.5096487e+00	
   9.7200000e+04	   2.3263419e+03	   3.3190168e+02	  -1.5020142e+00	
   9.8100000e+04	   2.3525732e+03	   3.3599163e+02	  -1.4937969e+00	
   9.9000000e+04	   2.3794163e+03	   3.4013895e+02	  -1.4805435e+00	
   9.9900000e+04	   2.4061874e+03	   3.4190055e+02	  -1.4648971e+00	
   1.0080000e+05	   2.4277285e+03	   3.4309885e+02	  -1.4537996e+00	
   1.0170000e+05	   2.4431182e+03	   3.4457639e+02	  -1.4469749e+00	
   1.0260000e+05	   2.4565274e+03	   3.4379294e+02	  -1.4395424e+00	
   1.0350000e+05	   2.4742255e+03	   3.3896265e+02	  -1.4302810e+00	
   1.0440000e+05	   2.4998963e+03	   3.3113636e+02	  -1.4206139e+00	
   1.0530000e+05	   2.5265481e+03	   3.2224494e+02	  -1.4116446e+00	
   1.0620000e+05	   2.5448722e+03	   3.1321082e+02	  -1.4032914e+00	
   1.0710000e+05	   2.5547486e+03	   3.0446233e+02	  -1.3953235e+00	
   1.0800000e+05	   2.5596282e+03	   2.9670760e+02	  -1.3881428e+00	
   1.0890000e+05	   2.5614988e+03	   2.9015601e+02	  -1.3820393e+00	
   1.0980000e+05	   2.5632359e+03	   2.8477572e+02	  -1.3771226e+00	
   1.1070000e+05	   2.5664448e+03	   2.8085613e+02	  -1.3734911e+00	
   1.1160000e+05	   2.5705652e+03	   2.7945750e+02	  -1.3711916e+00	
   1.1250000e+05	   2.5758791e+03	   2.8157490e+02	  -1.3701179e+00	
   1.1340000e+05	   2.5827500e+03	   2.8526807e+02	  -1.3698129e+00	
   1.1430000e+05	   2.5912345e+03	   2.8734739e+02	  -1.3695119e+00	
   1.1520000e+05	   2.6004853e+03	   2.8731354e+02	  -1.3678391e+00	
   1.1610000e+05	   2.6072338e+03	   2.8589877e+02	  -1.3639391e+00	
   1.1700000e+05	   2.6089156e+03	   2.8299472e+02	  -1.3584773e+00	
   1.1790000e+05	   2.6058678e+03	   2.7767172e+02	  -1.3522168e+00	
   1.1880000e+05	   2.5994894e+03	   2.6986125e+02	  -1.3446745e+00	
   1.1970000e+05	   2.5915495e+03	   2.6036843e+02	  -1.3350201e+00	
   1.2060000e+05	   2.5837823e+03	   2.5033477e+02	  -1.3242560e+00	
   1.2150000e+05	   2.5768552e+03	   2.4195595e+02	  -1.3143703e+00	
   1.2240000e+05	   2.5717572e+03	   2.3767845e+02	  -1.3055540e+00	
   1.2330000e+05	   2.5692822e+03	   2.3722553e+02	  -1.2969406e+00	
   1.2420000e+05	   2.5693085e+03	   2.3846263e+02	  -1.2890316e+00	
   1.2510000e+05	   2.5710927e+03	   2.4055382e+02	  -1.2827301e+00	
   1.2600000e+05	   2.5753069e+03	   2.4393455e+02	  -1.2777608e+00	
   1.2690000e+05	   2.5839924e+03	   2.4835462e+02	  -1.2735038e+00	
   1.2780000e+05	   2.5952506e+03	   2.5235448e+02	  -1.2693660e+00	
   1.2870000e+05	   2.6051326e+03	   2.5514500e+02	  -1.2645233e+00	
   1.2960000e+05	   2.6139004e+03	   2.5856748e+02	  -1.2580524e+00	
   1.3050000e+05	   2.6235600e+03	   2.6443193e+02	  -1.2500304e+00	
   1.3140000e+05	   2.6333344e+03	   2.7092685e+02	  -1.2419175e+00	
   1.3230000e+05	   2.6416098e+03	   2.7553792e+02	  -1.2347687e+00	
   1.3320000e+05	   2.6485802e+03	   2.7863673e+02	  -1.2285616e+00	
   1.3410000e+05	   2.6539480e+03	   2.8130774e+02	  -1.2227141e+00	
   1.3500000e+05	   2.6577089e+03	   2.8527506e+02	  -1.2156543e+00	
   1.3590000e+05	   2.6631534e+03	   2.9162762e+02	  -1.2060108e+00	
   1.3680000e+05	   2.6741968e+03	   2.9751970e+02	  -1.1945074e+00	
   1.3770000e+05	   2.6905680e+03	   2.9985802e+02	  -1.1826654e+00	
   1.3860000e+05	   2.7077434e+03	   3.0072991e+02	  -1.1714535e+00	
   1.3950000e+05	   2.7228021e+03	   3.0373771e+02	  -1.1609942e+00	
   1.4040000e+05	   2.7378913e+03	   3.1164684e+02	  -1.1493826e+00	
   1.4130000e+05	   2.7548821e+03	   3.2536122e+02	  -1.1346993e+00	
   1.4220000e+05	   2.7691670e+03	   3.3765238e+02	  -1.1204256e+00	
   1.4310000e+05	   2.7758897e+03	   3.3984361e+02	  -1.1117930e+00	
   1.4400000e+05	   2.7804437e+03	   3.3783119e+02	  -1.1072680e+00	
   1.4490000e+05	   2.7927661e+03	   3.4150330e+02	  -1.1023918e+00	
   1.4580000e+05	   2.8134443e+03	   3.4904971e+02	  -1.0963214e+00	
   1.4670000e+05	   2.8339386e+03	   3.5416748e+02	  -1.0897770e+00	
   1.4760000e+05	   2.8488596e+03	   3.5688903e+02	  -1.0827263e+00	
   1.4850000e+05	   2.8609836e+03	   3.6096538e+02	  -1.0755160e+00	
   1.4940000e+05	   2.8742109e+03	   3.6717086e+02	  -1.0684028e+00	
   1.5030000e+05	   2.8870606e+03	   3.7339190e+02	  -1.0604926e+00	
   1.5120000e+05	   2.8964014e+03	   3.7865763e+02	  -1.0512827e+00	
   1.5210000e+05	   2.9033643e+03	   3.8359515e+02	  -1.0413049e+00	
   1.5300000e+05	   2.9105560e+03	   3.8723301e+02	  -1.0308708e+00	
   1.5390000e+05	   2.9185219e+03	   3.8785620e+02	  -1.0202713e+00	
   1.5480000e+05	   2.9279568e+03	   3.8654632e+02	  -1.0103915e+00	
   1.5570000e+05	   2.9405777e+03	   3.8560480e+02	  -1.0017820e+00	
   1.5660000e+05	   2.9568311e+03	   3.8498276e+02	  -9.9411258e-01	
   1.5750000e+05	   2.9745387e+03	   3.8371213e+02	  -9.8710344e-01	
   1.5840000e+05	   2.9919116e+03	   3.8257724e+02	  -9.8126608e-01	
   1.5930000e+05	   3.0090287e+03	   3.8197133e+02	  -9.7656736e-01	
   1.6020000e+05	   3.0262010e+03	   3.8104437e+02	  -9.7186426e-01	
   1.6110000e+05	   3.0449085e+03	   3.7912691e+02	  -9.6649199e-01	
   1.6200000e+05	   3.0653905e+03	   3.7642745e+02	  -9.6084093e-01	
   1.6290000e+05	   3.0845814e+03	   3.7498038e+02	  -9.5627108e-01	
   1.6380000e+05	   3.1009825e+03	   3.7433931e+02	  -9.5401051e-01	
   1.6470000e+05	   3.1164448e+03	   3.7075914e+02	  -9.5347088e-01	
   1.6560000e+05	   3.1320202e+03	   3.6490108e+02	  -9.5307676e-01	
   1.6650000e+05	   3.1448228e+03	   3.6084240e+02	  -9.5192811e-01	
   1.6740000e+05	   3.1527698e+03	   3.5920661e+02	  -9.4972177e-01	
   1.6830000e+05	   3.1594489e+03	   3.5822572e+02	  -9.4642840e-01	
   1.6920000e+05	   3.1698552e+03	   3.5889379e+02	  -9.4287876e-01	
   1.7010000e+05	   3.1855139e+03	   3.6385173e+02	  -9.4027715e-01	
   1.7100000e+05	   3.2031654e+03	   3.7077175e+02	  -9.3860535e-01	
   1.7190000e+05	   3.2182877e+03	   3.7437562e+02	  -9.3676803e-01	
   1.7280000e+05	   3.2304562e+03	   3.7233314e+02	  -9.3441614e-01	
   1.7370000e+05	   3.2411965e+03	   3.6490551e+02	  -9.3260894e-01	
   1.7460000e+05	   3.2496519e+03	   3.5633151e+02	  -9.3236478e-01	
   1.7550000e+05	   3.2550228e+03	   3.5135871e+02	  -9.3361964e-01	
   1.7640000e+05	   3.2587855e+03	   3.4882551e+02	  -9.3593715e-01	
   1.7730000e+05	   3.2618910e+03	   3.4608285e+02	  -9.3876609e-01	
   1.7820000e+05	   3.2639897e+03	   3.4299371e+02	  -9.4134710e-01	
   1.7910000e+05	   3.2651943e+03	   3.3774178e+02	  -9.4313808e-01	
   1.8000000e+05	   3.2657713e+03	   3.2998887e+02	  -9.4367762e-01	
   1.8090000e+05	   3.2642903e+03	   3.2265504e+02	  -9.4314441e-01	
   1.8180000e+05	   3.2589288e+03	   3.1859952e+02	  -9.4286341e-01	
   1.8270000e+05	   3.2500813e+03	   3.1744381e+02	  -9.4356537e-01	
   1.8360000e+05	   3.2403240e+03	   3.1676895e+02	  -9.4455425e-01	
   1.8450000e+05	   3.2328178e+03	   3.1579877e+02	  -9.4437270e-01	
   1.8540000e+05	   3.2293711e+03	   3.1485146e+02	  -9.4196806e-01	
   1.8630000e+05	   3.2290699e+03	   3.1090674e+02	  -9.3767602e-01	
   1.8720000e+05	   3.2305555e+03	   3.0206537e+02	  -9.3262502e-01	
   1.8810000e+05	   3.2345760e+03	   2.9028520e+02	  -9.2759781e-01	
   1.8900000e+05	   3.2415179e+03	   2.7706750e+02	  -9.2291347e-01	
   1.8990000e+05	   3.2499425e+03	   2.6290684e+02	  -9.1868147e-01	
   1.9080000e+05	   3.2600445e+03	   2.5184783e+02	  -9.1462635e-01	
   1.9170000e+05	   3.2733402e+03	   2.4700007e+02	  -9.1088939e-01	
   1.9260000e+05	   3.2881371e+03	   2.4527467e+02	  -9.0828583e-01	
   1.9350000e+05	   3.3011295e+03	   2.4364886e+02	  -9.0668877e-01	
   1.9440000e+05	   3.3132051e+03	   2.4274168e+02	  -9.0452917e-01	
   1.9530000e+05	   3.3273719e+03	   2.4245427e+02	  -9.0024189e-01	
   1.9620000e+05	   3.3422303e+03	   2.4171990e+02	  -8.9480089e-01	
   1.9710000e+05	   3.3542579e+03	   2.4112832e+02	  -8.9141044e-01	
   1.9800000e+05	   3.3638047e+03	   2.4181187e+02	  -8.9139251e-01	
   1.9890000e+05	   3.3727657e+03	   2.4450396e+02	  -8.9322990e-01	
   1.9980000e+05	   3.3809676e+03	   2.4938475e+02	  -8.9479187e-01	
   2.0070000e+05	   3.3871085e+03	   2.5478196e+02	  -8.9494389e-01	
   2.0160000e+05	   3.3897854e+03	   2.5887525e+02	  -8.9417533e-01	
   2.0250000e+05	   3.3881193e+03	   2.6133967e+02	  -8.9347659e-01	
   2.0340000e+05	   3.3822604e+03	   2.6410626e+02	  -8.9319535e-01	
   2.0430000e+05	   3.3734323e+03	   2.6931350e+02	  -8.9351578e-01	
   2.0520000e+05	   3.3629276e+03	   2.7563693e+02	  -8.9403094e-01	
   2.0610000e+05	   3.3520307e+03	   2.8039864e+02	  -8.9403969e-01	
   2.0700000e+05	   3.3446726e+03	   2.8329222e+02	  -8.9387771e-01	
   2.0790000e+05	   3.3435646e+03	   2.8451441e+02	  -8.9413946e-01	
   2.0880000e+05	   3.3467214e+03	   2.8398706e+02	  -8.9438734e-01	
   2.0970000e+05	   3.3523765e+03	   2.8166725e+02	  -8.9376595e-01	
   2.1060000e+05	   3.3627517e+03	   2.7787619e+02	  -8.9226737e-01	
   2.1150000e+05	   3.3805929e+03	   2.7324000e+02	  -8.9012651e-01	
   2.1240000e+05	   3.4032308e+03	   2.7186408e+02	  -8.8763254e-01	
   2.1330000e+05	   3.4260092e+03	   2.7811079e+02	  -8.8544273e-01	
   2.1420000e+05	   3.4489370e+03	   2.8687641e+02	  -8.8387801e-01	
   2.1510000e+05	   3.4744127e+03	   2.9079492e+02	  -8.8313636e-01	
   2.1600000e+05	   3.5022771e+03	   2.9002833e+02	  -8.8385223e-01	
   2.1690000e+05	   3.5300195e+03	   2.8788183e+02	  -8.8611986e-01	
   2.1780000e+05	   3.5575601e+03	   2.8630732e+02	  -8.8895729e-01	
   2.1870000e+05	   3.5871531e+03	   2.8555668e+02	  -8.9166308e-01	
   2.1960000e+05	   3.6189985e+03	   2.8599661e+02	  -8.9472204e-01	
   2.2050000e+05	   3.6510589e+03	   2.8796123e+02	  -8.9891132e-01	
   2.2140000e+05	   3.6813593e+03	   2.8998350e+02	  -9.0428688e-01	
   2.2230000e+05	   3.7090935e+03	   2.9066444e+02	  -9.1027399e-01	
   2.2320000e+05	   3.7336447e+03	   2.9049984e+02	  -9.1647186e-01	
   2.2410000e+05	   3.7538056e+03	   2.9047539e+02	  -9.2290803e-01	
   2.2500000e+05	   3.7695202e+03	   2.9079843e+02	  -9.2959587e-01	
   2.2590000e+05	   3.7820465e+03	   2.9154764e+02	  -9.3638809e-01	
   2.2680000e+05	   3.7913671e+03	   2.9349490e+02	  -9.4322315e-01	
   2.2770000e+05	   3.7960924e+03	   2.9701710e+02	  -9.5049817e-01	
   2.2860000e+05	   3.7946188e+03	   3.0231787e+02	  -9.5882567e-01	
   2.2950000e+05	   3.7868364e+03	   3.0989808e+02	  -9.6867154e-01	
   2.3040000e+05	   3.7773855e+03	   3.1573435e+02	  -9.7971750e-01	
   2.3130000e+05	   3.7709158e+03	   3.1329730e+02	  -9.9043524e-01	
   2.3220000e+05	   3.7640328e+03	   3.0629669e+02	  -9.9976631e-01	
   2.3310000e+05	   3.7522999e+03	   3.0287338e+02	  -1.0079121e+00	
   2.3400000e+05	   3.7383868e+03	   3.0479200e+02	  -1.0150866e+00	
   2.3490000e+05	   3.7239778e+03	   3.1066960e+02	  -1.0215758e+00	
   2.3580000e+05	   3.7074696e+03	   3.1887759e+02	  -1.0279068e+00	
   2.3670000e+05	   3.6908786e+03	   3.2691591e+02	  -1.0345590e+00	
   2.3760000e+05	   3.6767584e+03	   3.3334616e+02	  -1.0418385e+00	
   2.3850000e+05	   3.6646731e+03	   3.3922954e+02	  -1.0498844e+00	
   2.3940000e+05	   3.6548289e+03	   3.4390926e+02	  -1.0584738e+00	
   2.4030000e+05	   3.6479718e+03	   3.4455427e+02	  -1.0666954e+00	
   2.4120000e+05	   3.6442103e+03	   3.4085268e+02	  -1.0737073e+00	
   2.4210000e+05	   3.6448483e+03	   3.3500153e+02	  -1.0792895e+00	
   2.4300000e+05	   3.6504103e+03	   3.3036786e+02	  -1.0838133e+00	
   2.4390000e+05	   3.6587151e+03	   3.2876073e+02	  -1.0880881e+00	
   2.4480000e+05	   3.6681221e+03	   3.2795207e+02	  -1.0926646e+00	
   2.4570000e+05	   3.6792922e+03	   3.2620453e+02	  -1.0973083e+00	
   2.4660000e+05	   3.6926256e+03	   3.2699190e+02	  -1.1015133e+00	
   2.4750000e+05	   3.7076909e+03	   3.3387644e+02	  -1.1051669e+00	
   2.4840000e+05	   3.7238853e+03	   3.4444929e+02	  -1.1086860e+00	
   2.4930000e+05	   3.7409934e+03	   3.5362780e+02	  -1.1128594e+00	
   2.5020000e+05	   3.7591083e+03	   3.5943025e+02	  -1.1181621e+00	
   2.5110000e+05	   3.7772927e+03	   3.6301561e+02	  -1.1243218e+00	
   2.5200000e+05	   3.7935500e+03	   3.6646300e+02	  -1.1307175e+00	
   2.5290000e+05	   3.8045755e+03	   3.7103302e+02	  -1.1369529e+00	
   2.5380000e+05	   3.8070050e+03	   3.7595903e+02	  -1.1431364e+00	
   2.5470000e+05	   3.8013056e+03	   3.8031410e+02	  -1.1494646e+00	
   2.5560000e+05	   3.7906790e+03	   3.8391055e+02	  -1.1558598e+00	
   2.5650000e+05	   3.7775890e+03	   3.8595255e+02	  -1.1623177e+00	
   2.5740000e+05	   3.7643479e+03	   3.8563822e+02	  -1.1688200e+00	
   2.5830000e+05	   3.7516559e+03	   3.8242987e+02	  -1.1750595e+00	
   2.5920000e+05	   3.7373963e+03	   3.7638845e+02	  -1.1805811e+00	
   2.6010000e+05	   3.7204832e+03	   3.6841000e+02	  -1.1852636e+00	
   2.6100000e+05	   3.7023045e+03	   3.5923090e+02	  -1.1894690e+00	
   2.6190000e+05	   3.6836255e+03	   3.4911931e+02	  -1.1933203e+00	
   2.6280000e+05	   3.6642685e+03	   3.3856818e+02	  -1.1965680e+00	
   2.6370000e+05	   3.6461167e+03	   3.2829367e+02	  -1.1989447e+00	
   2.6460000e+05	   3.6325120e+03	   3.1929559e+02	  -1.2001335e+00	
   2.6550000e+05	   3.6247287e+03	   3.1160508e+02	  -1.2002023e+00	
   2.6640000e+05	   3.6224943e+03	   3.0220120e+02	  -1.2000402e+00	
   2.6730000e+05	   3.6255136e+03	   2.8831072e+02	  -1.2004695e+00	
   2.6820000e+05	   3.6323611e+03	   2.7196065e+02	  -1.2013045e+00	
   2.6910000e+05	   3.6407429e+03	   2.5634981e+02	  -1.2021256e+00	
   2.7000000e+05	   3.6485206e+03	   2.4495736e+02	  -1.2028113e+00	
   2.7090000e+05	   3.6539927e+03	   2.4085304e+02	  -1.2034211e+00	
   2.7180000e+05	   3.6563934e+03	   2.3797836e+02	  -1.2055558e+00	
   2.7270000e+05	   3.6561615e+03	   2.2861284e+02	  -1.2103980e+00	
   2.7360000e+05	   3.6552142e+03	   2.1898199e+02	  -1.2157451e+00	
   2.7450000e+05	   3.6552164e+03	   2.1590448e+02	  -1.2194630e+00	
   2.7540000e+05	   3.6562555e+03	   2.1592801e+02	  -1.2219205e+00	
   2.7630000e+05	   3.6612947e+03	   2.1413167e+02	  -1.2237701e+00	
   2.7720000e+05	   3.6769551e+03	   2.1502310e+02	  -1.2253278e+00	
   2.7810000e+05	   3.7003587e+03	   2.2453287e+02	  -1.2271556e+00	
   2.7900000e+05	   3.7156386e+03	   2.3857515e+02	  -1.2297225e+00	
   2.7990000e+05	   3.7174434e+03	   2.5054682e+02	  -1.2328139e+00	
   2.8080000e+05	   3.7180907e+03	   2.5855430e+02	  -1.2356406e+00	
   2.8170000e+05	   3.7231637e+03	   2.6298660e+02	  -1.2377064e+00	
   2.8260000e+05	   3.7273279e+03	   2.6543478e+02	  -1.2393359e+00	
   2.8350000e+05	   3.7290959e+03	   2.6686646e+02	  -1.2409786e+00	
   2.8440000e+05	   3.7303487e+03	   2.6550508e+02	  -1.2429516e+00	
   2.8530000e+05	   3.7313198e+03	   2.5990152e+02	  -1.2455980e+00	
   2.8620000e+05	   3.7325553e+03	   2.5222442e+02	  -1.2482170e+00	
   2.8710000e+05	   3.7340441e+03	   2.4422493e+02	  -1.2499092e+00	
   2.8800000e+05	   3.7342191e+03	   2.3590983e+02	  -1.2511394e+00	
   2.8890000e+05	   3.7330117e+03	   2.2748788e+02	  -1.2524868e+00	
   2.8980000e+05	   3.7329899e+03	   2.1896734e+02	  -1.2537890e+00	
   2.9070000e+05	   3.7365172e+03	   2.1050236e+02	  -1.2549570e+00	
   2.9160000e+05	   3.7443786e+03	   2.0190006e+02	  -1.2559320e+00	
   2.9250000e+05	   3.7571578e+03	   1.9280657e+02	  -1.2564647e+00	
   2.9340000e+05	   3.7707319e+03	   1.8561342e+02	  -1.2569743e+00	
   2.9430000e+05	   3.7765812e+03	   1.8398582e+02	  -1.2584005e+00	
   2.9520000e+05	   3.7725999e+03	   1.8707069e+02	  -1.2605897e+00	
   2.9610000e+05	   3.7623878e+03	   1.9025159e+02	  -1.2627075e+00	
   2.9700000e+05	   3.7478887e+03	   1.9331269e+02	  -1.2650256e+00	
   2.9790000e+05	   3.7299882e+03	   1.9832486e+02	  -1.2683702e+00	
   2.9880000e+05	   3.7110402e+03	   2.0475793e+02	  -1.2726967e+00	
   2.9970000e+05	   3.6951749e+03	   2.1146424e+02	  -1.2768652e+00	
   3.0060000e+05	   3.6850975e+03	   2.1787761e+02	  -1.2795908e+00	
   3.0150000e+05	   3.6792716e+03	   2.2281622e+02	  -1.2806797e+00	
   3.0240000e+05	   3.6753366e+03	   2.2670711e+02	  -1.2809433e+00	
   3.0330000e+05	   3.6733621e+03	   2.3159362e+02	  -1.2803663e+00	
   3.0420000e+05	   3.6722783e+03	   2.3720305e+02	  -1.2771880e+00	
   3.0510000e+05	   3.6706178e+03	   2.4070771e+02	  -1.2713373e+00	
   3.0600000e+05	   3.6695504e+03	   2.3988890e+02	  -1.2656825e+00	
   3.0690000e+05	   3.6688533e+03	   2.3510223e+02	  -1.2618288e+00	
   3.0780000e+05	   3.6664149e+03	   2.3185153e+02	  -1.2594113e+00	
   3.0870000e+05	   3.6635058e+03	   2.3492808e+02	  -1.2580353e+00	
   3.0960000e+05	   3.6631715e+03	   2.3876768e+02	  -1.2575183e+00	
   3.1050000e+05	   3.6631759e+03	   2.3709816e+02	  -1.2581995e+00	
   3.1140000e+05	   3.6580732e+03	   2.3322919e+02	  -1.2595362e+00	
   3.1230000e+05	   3.6488693e+03	   2.3078105e+02	  -1.2594858e+00	
   3.1320000e+05	   3.6427189e+03	   2.2981657e+02	  -1.2582397e+00	
   3.1410000e+05	   3.6421958e+03	   2.3162656e+02	  -1.2580493e+00	
   3.1500000e+05	   3.6421962e+03	   2.3807962e+02	  -1.2583237e+00	
   3.1590000e+05	   3.6393736e+03	   2.4702990e+02	  -1.2569577e+00	
   3.1680000e+05	   3.6369473e+03	   2.5541277e+02	  -1.2537917e+00	
   3.1770000e+05	   3.6394388e+03	   2.6251130e+02	  -1.2494809e+00	
   3.1860000e+05	   3.6480168e+03	   2.6863714e+02	  -1.2446824e+00	
   3.1950000e+05	   3.6591529e+03	   2.7438652e+02	  -1.2400226e+00	
   3.2040000e+05	   3.6687695e+03	   2.8096085e+02	  -1.2359927e+00	
   3.2130000e+05	   3.6772515e+03	   2.8946513e+02	  -1.2331545e+00	
   3.2220000e+05	   3.6850519e+03	   2.9815597e+02	  -1.2314834e+00	
   3.2310000e+05	   3.6908156e+03	   3.0398374e+02	  -1.2304221e+00	
   3.2400000e+05	   3.6965440e+03	   3.0475726e+02	  -1.2294753e+00	
   3.2490000e+05	   3.7032627e+03	   3.0010376e+02	  -1.2284543e+00	
   3.2580000e+05	   3.7043852e+03	   2.9608875e+02	  -1.2276139e+00	
   3.2670000e+05	   3.6933807e+03	   2.9868755e+02	  -1.2271025e+00	
   3.2760000e+05	   3.6734505e+03	   3.0568221e+02	  -1.2264999e+00	
   3.2850000e+05	   3.6510293e+03	   3.1366165e+02	  -1.2252776e+00	
   3.2940000e+05	   3.6301928e+03	   3.2200031e+02	  -1.2223514e+00	
   3.3030000e+05	   3.6137037e+03	   3.2841506e+02	  -1.2168837e+00	
   3.3120000e+05	   3.6015820e+03	   3.2987066e+02	  -1.2107847e+00	
   3.3210000e+05	   3.5931725e+03	   3.2820867e+02	  -1.2060145e+00	
   3.3300000e+05	   3.5879508e+03	   3.2947260e+02	  -1.2008852e+00	
   3.3390000e+05	   3.5846988e+03	   3.3346745e+02	  -1.1929917e+00	
   3.3480000e+05	   3.5866696e+03	   3.3523775e+02	  -1.1829155e+00	
   3.3570000e+05	   3.5983165e+03	   3.3526474e+02	  -1.1736692e+00	
   3.3660000e+05	   3.6160117e+03	   3.3689455e+02	  -1.1673786e+00	
   3.3750000e+05	   3.6340319e+03	   3.4234489e+02	  -1.1631274e+00	
   3.3840000e+05	   3.6526505e+03	   3.5535110e+02	  -1.1590083e+00	
   3.3930000e+05	   3.6719828e+03	   3.7668405e+02	  -1.1547487e+00	
   3.4020000e+05	   3.6891503e+03	   3.9934118e+02	  -1.1511909e+00	
   3.4110000e+05	   3.7027044e+03	   4.1813030e+02	  -1.1486576e+00	
   3.4200000e+05	   3.7128076e+03	   4.3460143e+02	  -1.1470935e+00	
   3.4290000e+05	   3.7223517e+03	   4.5111986e+02	  -1.1459301e+00	
   3.4380000e+05	   3.7360121e+03	   4.6955091e+02	  -1.1442347e+00	
   3.4470000e+05	   3.7535097e+03	   4.8949683e+02	  -1.1423539e+00	
   3.4560000e+05	   3.7711131e+03	   5.0815653e+02	  -1.1415053e+00	
   3.4650000e+05	   3.7873184e+03	   5.2301094e+02	  -1.1425929e+00	
   3.4740000e+05	   3.8016434e+03	   5.3282401e+02	  -1.1465873e+00	
   3.4830000e+05	   3.8101530e+03	   5.3901056e+02	  -1.1537440e+00	
   3.4920000e+05	   3.8077362e+03	   5.4374090e+02	  -1.1624164e+00	
   3.5010000e+05	   3.7978025e+03	   5.4671225e+02	  -1.1705234e+00	
   3.5100000e+05	   3.7899647e+03	   5.5055415e+02	  -1.1768111e+00	
   3.5190000e+05	   3.7871593e+03	   5.5901527e+02	  -1.1809455e+00	
   3.5280000e+05	   3.7820894e+03	   5.6756099e+02	  -1.1828154e+00	
   3.5370000e+05	   3.7651533e+03	   5.6917664e+02	  -1.1820366e+00	
   3.5460000e+05	   3.7355286e+03	   5.6253320e+02	  -1.1790725e+00	
   3.5550000e+05	   3.7016319e+03	   5.4979828e+02	  -1.1750407e+00	
   3.5640000e+05	   3.6700238e+03	   5.3449731e+02	  -1.1705556e+00	
   3.5730000e+05	   3.6378286e+03	   5.1794460e+02	  -1.1658842e+00	
   3.5820000e+05	   3.6006683e+03	   5.0102453e+02	  -1.1608461e+00	
   3.5910000e+05	   3.5597098e+03	   4.8596914e+02	  -1.1550058e+00	
   3.6000000e+05	   3.5187597e+03	   4.7464110e+02	  -1.1481007e+00	
   3.6090000e+05	   3.4812667e+03	   4.6806642e+02	  -1.1399468e+00	
   3.6180000e+05	   3.4486875e+03	   4.6390872e+02	  -1.1307739e+00	
   3.6270000e+05	   3.4217805e+03	   4.5853791e+02	  -1.1210181e+00	
   3.6360000e+05	   3.4017243e+03	   4.5263183e+02	  -1.1108859e+00	
   3.6450000e+05	   3.3888911e+03	   4.5122309e+02	  -1.0999431e+00	
   3.6540000e+05	   3.3844375e+03	   4.5984158e+02	  -1.0872335e+00	
   3.6630000e+05	   3.3889503e+03	   4.8017163e+02	  -1.0730226e+00	
   3.6720000e+05	   3.3984132e+03	   5.0793760e+02	  -1.0588493e+00	
   3.6810000e+05	   3.4081417e+03	   5.3689445e+02	  -1.0457893e+00	
   3.6900000e+05	   3.4174051e+03	   5.5951217e+02	  -1.0345017e+00	
   3.6990000e+05	   3.4268294e+03	   5.6915006e+02	  -1.0253365e+00	
   3.7080000e+05	   3.4360953e+03	   5.6764367e+02	  -1.0181136e+00	
   3.7170000e+05	   3.4443266e+03	   5.6110292e+02	  -1.0125373e+00	
   3.7260000e+05	   3.4503083e+03	   5.5329852e+02	  -1.0085616e+00	
   3.7350000e+05	   3.4533761e+03	   5.4593357e+02	  -1.0060903e+00	
   3.7440000e+05	   3.4539324e+03	   5.3967117e+02	  -1.0049864e+00	
   3.7530000e+05	   3.4533356e+03	   5.3459997e+02	  -1.0050350e+00	
   3.7620000e+05	   3.4548818e+03	   5.2846573e+02	  -1.0055334e+00	
   3.7710000e+05	   3.4611135e+03	   5.1870369e+02	  -1.0066601e+00	
   3.7800000e+05	   3.4721006e+03	   5.0935150e+02	  -1.0095297e+00	
   3.7890000e+05	   3.4890949e+03	   5.0739719e+02	  -1.0138240e+00	
   3.7980000e+05	   3.5105341e+03	   5.1271245e+02	  -1.0177309e+00	
   3.8070000e+05	   3.5304064e+03	   5.2105221e+02	  -1.0202567e+00	
   3.8160000e+05	   3.5472236e+03	   5.3117379e+02	  -1.0212797e+00	
   3.8250000e+05	   3.5613412e+03	   5.4226181e+02	  -1.0211693e+00	
   3.8340000e+05	   3.5700751e+03	   5.5065302e+02	  -1.0215865e+00	
   3.8430000e+05	   3.5720474e+03	   5.5448981e+02	  -1.0234840e+00	
   3.8520000e+05	   3.5677116e+03	   5.5685487e+02	  -1.0253453e+00	
   3.8610000e+05	   3.5572972e+03	   5.5914281e+02	  -1.0258106e+00	
   3.8700000e+05	   3.5426505e+03	   5.6216305e+02	  -1.0252316e+00	
   3.8790000e+05	   3.5266485e+03	   5.6882352e+02	  -1.0242568e+00	
   3.8880000e+05	   3.5103819e+03	   5.7711999e+02	  -1.0233101e+00	
   3.8970000e+05	   3.4940516e+03	   5.8228335e+02	  -1.0226712e+00	
   3.9060000e+05	   3.4791487e+03	   5.8135219e+02	  -1.0221915e+00	
   3.9150000e+05	   3.4683763e+03	   5.7268122e+02	  -1.0217016e+00	
   3.9240000e+05	   3.4671178e+03	   5.6201561e+02	  -1.0217366e+00	
   3.9330000e+05	   3.4776891e+03	   5.5886767e+02	  -1.0229464e+00	
   3.9420000e+05	   3.4917861e+03	   5.6410289e+02	  -1.0250485e+00	
   3.9510000e+05	   3.5023166e+03	   5.7266392e+02	  -1.0275688e+00	
   3.9600000e+05	   3.5119888e+03	   5.8139002e+02	  -1.0307403e+00	
   3.9690000e+05	   3.5217769e+03	   5.8827742e+02	  -1.0352250e+00	
   3.9780000e+05	   3.5270398e+03	   5.9203856e+02	  -1.0423504e+00	
   3.9870000e+05	   3.5254649e+03	   5.9388383e+02	  -1.0526544e+00	
   3.9960000e+05	   3.5181880e+03	   5.9714177e+02	  -1.0644748e+00	
   4.0050000e+05	   3.5065426e+03	   6.0465574e+02	  -1.0755605e+00	
   4.0140000e+05	   3.4909553e+03	   6.1632223e+02	  -1.0846166e+00	
   4.0230000e+05	   3.4711384e+03	   6.2943303e+02	  -1.0923167e+00	
   4.0320000e+05	   3.4478910e+03	   6.4220388e+02	  -1.0999666e+00	
   4.0410000e+05	   3.4235843e+03	   6.5513223e+02	  -1.1071557e+00	
   4.0500000e+05	   3.3989443e+03	   6.6479824e+02	  -1.1132164e+00	
   4.0590000e+05	   3.3723013e+03	   6.6437108e+02	  -1.1191564e+00	
   4.0680000e+05	   3.3437536e+03	   6.5748642e+02	  -1.1259450e+00	
   4.0770000e+05	   3.3158612e+03	   6.5450550e+02	  -1.1329562e+00	
   4.0860000e+05	   3.2935255e+03	   6.5617938e+02	  -1.1389035e+00	
   4.0950000e+05	   3.2793105e+03	   6.5690411e+02	  -1.1431521e+00	
   4.1040000e+05	   3.2685172e+03	   6.5549003e+02	  -1.1462974e+00	
   4.1130000e+05	   3.2564836e+03	   6.5408542e+02	  -1.1487236e+00	
   4.1220000e+05	   3.2427160e+03	   6.5104954e+02	  -1.1501258e+00	
   4.1310000e+05	   3.2273450e+03	   6.4210761e+02	  -1.1500866e+00	
   4.1400000e+05	   3.2104435e+03	   6.2784350e+02	  -1.1480625e+00	
   4.1490000e+05	   3.1926082e+03	   6.1185932e+02	  -1.1442695e+00	
   4.1580000e+05	   3.1744598e+03	   5.9765921e+02	  -1.1399417e+00	
   4.1670000e+05	   3.1554455e+03	   5.8730159e+02	  -1.1366983e+00	
   4.1760000e+05	   3.1340185e+03	   5.7825435e+02	  -1.1355381e+00	
   4.1850000e+05	   3.1100157e+03	   5.6800869e+02	  -1.1355323e+00	
   4.1940000e+05	   3.0864600e+03	   5.5741219e+02	  -1.1349604e+00	
   4.2030000e+05	   3.0674380e+03	   5.4745879e+02	  -1.1329931e+00	
   4.2120000e+05	   3.0538157e+03	   5.3817411e+02	  -1.1299078e+00	
   4.2210000e+05	   3.0428907e+03	   5.3024452e+02	  -1.1259207e+00	
   4.2300000e+05	   3.0329139e+03	   5.2442406e+02	  -1.1212074e+00	
   4.2390000e+05	   3.0255144e+03	   5.1994555e+02	  -1.1169616e+00	
   4.2480000e+05	   3.0240050e+03	   5.1727643e+02	  -1.1140809e+00	
   4.2570000e+05	   3.0297029e+03	   5.1776678e+02	  -1.1125553e+00	
   4.2660000e+05	   3.0409003e+03	   5.1892034e+02	  -1.1118831e+00	
   4.2750000e+05	   3.0553747e+03	   5.1773271e+02	  -1.1114900e+00	
   4.2840000e+05	   3.0691997e+03	   5.1481123e+02	  -1.1114708e+00	
   4.2930000e+05	   3.0795913e+03	   5.1155078e+02	  -1.1115185e+00	
   4.3020000e+05	   3.0884445e+03	   5.0835858e+02	  -1.1103241e+00	
   4.3110000e+05	   3.0972579e+03	   5.0489634e+02	  -1.1078475e+00	
   4.3200000e+05	   3.1029683e+03	   4.9957569e+02	  -1.1055116e+00	
   4.3290000e+05	   3.1031625e+03	   4.9105538e+02	  -1.1034574e+00	
   4.3380000e+05	   3.1002075e+03	   4.8235886e+02	  -1.1008773e+00	
   4.3470000e+05	   3.0959970e+03	   4.7701495e+02	  -1.0990654e+00	
   4.3560000e+05	   3.0900311e+03	   4.7399469e+02	  -1.1002837e+00	
   4.3650000e+05	   3.0838477e+03	   4.7261255e+02	  -1.1037675e+00	
   4.3740000e+05	   3.0791023e+03	   4.7282703e+02	  -1.1066239e+00	
   4.3830000e+05	   3.0734145e+03	   4.7239118e+02	  -1.1075254e+00	
   4.3920000e+05	   3.0642852e+03	   4.6985985e+02	  -1.1065570e+00	
   4.4010000e+05	   3.0527889e+03	   4.6491694e+02	  -1.1038711e+00	
   4.4100000e+05	   3.0398759e+03	   4.5782105e+02	  -1.1001986e+00	
   4.4190000e+05	   3.0249803e+03	   4.4919933e+02	  -1.0968174e+00	
   4.4280000e+05	   3.0098096e+03	   4.3918679e+02	  -1.0946249e+00	
   4.4370000e+05	   2.9952190e+03	   4.2888935e+02	  -1.0937579e+00	
   4.4460000e+05	   2.9793327e+03	   4.2331592e+02	  -1.0944205e+00	
   4.4550000e+05	   2.9627283e+03	   4.2711179e+02	  -1.0960534e+00	
   4.4640000e+05	   2.9483961e+03	   4.3769416e+02	  -1.0958735e+00	
   4.4730000e+05	   2.9390586e+03	   4.4941120e+02	  -1.0916766e+00	
   4.4820000e+05	   2.9361931e+03	   4.5956537e+02	  -1.0843143e+00	
   4.4910000e+05	   2.9393669e+03	   4.6675295e+02	  -1.0763086e+00	
   4.5000000e+05	   2.9469664e+03	   4.6952351e+02	  -1.0705418e+00	
   4.5090000e+05	   2.9563145e+03	   4.6778502e+02	  -1.0687082e+00	
   4.5180000e+05	   2.9648978e+03	   4.6260635e+02	  -1.0712717e+00	
   4.5270000e+05	   2.9719425e+03	   4.5534813e+02	  -1.0777190e+00	
   4.5360000e+05	   2.9769615e+03	   4.4672685e+02	  -1.0857034e+00	
   4.5450000e+05	   2.9793733e+03	   4.3660429e+02	  -1.0932265e+00	
   4.5540000e+05	   2.9805305e+03	   4.2482517e+02	  -1.0998710e+00	
   4.5630000e+05	   2.9831975e+03	   4.1218640e+02	  -1.1061764e+00	
   4.5720000e+05	   2.9865599e+03	   4.0005704e+02	  -1.1130074e+00	
   4.5810000e+05	   2.9886091e+03	   3.8860628e+02	  -1.1198151e+00	
   4.5900000e+05	   2.9919808e+03	   3.7605243e+02	  -1.1249975e+00	
   4.5990000e+05	   2.9987012e+03	   3.6166444e+02	  -1.1280882e+00	
   4.6080000e+05	   3.0075050e+03	   3.4878365e+02	  -1.1299095e+00	
   4.6170000e+05	   3.0170762e+03	   3.3930250e+02	  -1.1314131e+00	
   4.6260000e+05	   3.0242664e+03	   3.3127085e+02	  -1.1328168e+00	
   4.6350000e+05	   3.0261265e+03	   3.2439125e+02	  -1.1345273e+00	
   4.6440000e+05	   3.0249017e+03	   3.2042451e+02	  -1.1376832e+00	
   4.6530000e+05	   3.0232464e+03	   3.1947186e+02	  -1.1423561e+00	
   4.6620000e+05	   3.0197718e+03	   3.1922573e+02	  -1.1477114e+00	
   4.6710000e+05	   3.0132162e+03	   3.1671602e+02	  -1.1532177e+00	
   4.6800000e+05	   3.0036214e+03	   3.1146877e+02	  -1.1589696e+00	
   4.6890000e+05	   2.9925001e+03	   3.0519388e+02	  -1.1647238e+00	
   4.6980000e+05	   2.9838548e+03	   3.0070535e+02	  -1.1688188e+00	
   4.7070000e+05	   2.9775380e+03	   3.0003249e+02	  -1.1705737e+00	
   4.7160000e+05	   2.9697368e+03	   3.0227345e+02	  -1.1710277e+00	
   4.7250000e+05	   2.9597160e+03	   3.0557029e+02	  -1.1709345e+00	
   4.7340000e+05	   2.9468803e+03	   3.0870271e+02	  -1.1704043e+00	
   4.7430000e+05	   2.9297457e+03	   3.1038330e+02	  -1.1693562e+00	
   4.7520000e+05	   2.9111515e+03	   3.0888536e+02	  -1.1672865e+00	
   4.7610000e+05	   2.8953534e+03	   3.0306387e+02	  -1.1643830e+00	
   4.7700000e+05	   2.8827536e+03	   2.9552171e+02	  -1.1623496e+00	
   4.7790000e+05	   2.8725242e+03	   2.9023368e+02	  -1.1620043e+00	
   4.7880000e+05	   2.8645427e+03	   2.8688005e+02	  -1.1618441e+00	
   4.7970000e+05	   2.8538309e+03	   2.8249468e+02	  -1.1603247e+00	
   4.8060000e+05	   2.8337418e+03	   2.7741143e+02	  -1.1576876e+00	
   4.8150000e+05	   2.8078296e+03	   2.7398515e+02	  -1.1549707e+00	
   4.8240000e+05	   2.7853872e+03	   2.7170704e+02	  -1.1527110e+00	
   4.8330000e+05	   2.7655913e+03	   2.6808849e+02	  -1.1513091e+00	
   4.8420000e+05	   2.7425815e+03	   2.6355675e+02	  -1.1517342e+00	
   4.8510000e+05	   2.7192401e+03	   2.6081512e+02	  -1.1536046e+00	
   4.8600000e+05	   2.7023054e+03	   2.6211098e+02	  -1.1552294e+00	
   4.8690000e+05	   2.6939888e+03	   2.6832523e+02	  -1.1559189e+00	
   4.8780000e+05	   2.6920873e+03	   2.7568985e+02	  -1.1553101e+00	
   4.8870000e+05	   2.6931352e+03	   2.7869726e+02	  -1.1528683e+00	
   4.8960000e+05	   2.6961012e+03	   2.7862055e+02	  -1.1491025e+00	
   4.9050000e+05	   2.7019633e+03	   2.7986458e+02	  -1.1446918e+00	
   4.9140000e+05	   2.7090026e+03	   2.8063892e+02	  -1.1394468e+00	
   4.9230000e+05	   2.7134542e+03	   2.7675486e+02	  -1.1334244e+00	
   4.9320000e+05	   2.7141538e+03	   2.7121230e+02	  -1.1285624e+00	
   4.9410000e+05	   2.7133717e+03	   2.7016459e+02	  -1.1263079e+00	
   4.9500000e+05	   2.7140342e+03	   2.7264754e+02	  -1.1257724e+00	
   4.9590000e+05	   2.7175499e+03	   2.7387243e+02	  -1.1266709e+00	
   4.9680000e+05	   2.7236270e+03	   2.7252993e+02	  -1.1295293e+00	
   4.9770000e+05	   2.7321093e+03	   2.6923799e+02	  -1.1340558e+00	
   4.9860000e+05	   2.7433416e+03	   2.6392165e+02	  -1.1395245e+00	
   4.9950000e+05	   2.7567743e+03	   2.5632214e+02	  -1.1449483e+00	
   5.0040000e+05	   2.7703615e+03	   2.4841642e+02	  -1.1497487e+00	
   5.0130000e+05	   2.7808553e+03	   2.4210713e+02	  -1.1543990e+00	
   5.0220000e+05	   2.7857724e+03	   2.3699729e+02	  -1.1593551e+00	
   5.0310000e+05	   2.7850391e+03	   2.3234123e+02	  -1.1646006e+00	
   5.0400000e+05	   2.7803427e+03	   2.2829056e+02	  -1.1699979e+00	
   5.0490000e+05	   2.7732631e+03	   2.2570090e+02	  -1.1753027e+00	
   5.0580000e+05	   2.7637168e+03	   2.2647476e+02	  -1.1797412e+00	
   5.0670000e+05	   2.7512653e+03	   2.3136802e+02	  -1.1827320e+00	
   5.0760000e+05	   2.7371469e+03	   2.3711544e+02	  -1.1854139e+00	
   5.0850000e+05	   2.7228686e+03	   2.4037079e+02	  -1.1891932e+00	
   5.0940000e+05	   2.7089227e+03	   2.4119807e+02	  -1.1941912e+00	
   5.1030000e+05	   2.6955907e+03	   2.4054496e+02	  -1.2001197e+00	
   5.1120000e+05	   2.6831471e+03	   2.3933604e+02	  -1.2066842e+00	
   5.1210000e+05	   2.6719197e+03	   2.3838771e+02	  -1.2135886e+00	
   5.1300000e+05	   2.6622993e+03	   2.3852389e+02	  -1.2205888e+00	
   5.1390000e+05	   2.6537203e+03	   2.4047446e+02	  -1.2274875e+00	
   5.1480000e+05	   2.6450759e+03	   2.4462855e+02	  -1.2341174e+00	
   5.1570000e+05	   2.6358690e+03	   2.5094710e+02	  -1.2404108e+00	
   5.1660000e+05	   2.6259792e+03	   2.5906914e+02	  -1.2463652e+00	
   5.1750000e+05	   2.6152378e+03	   2.6853082e+02	  -1.2520292e+00	
   5.1840000e+05	   2.6035891e+03	   2.7896409e+02	  -1.2575698e+00	
   5.1930000e+05	   2.5912022e+03	   2.9018816e+02	  -1.2631486e+00	
   5.2020000e+05	   2.5781089e+03	   3.0218821e+02	  -1.2688573e+00	
   5.2110000e+05	   2.5642342e+03	   3.1500979e+02	  -1.2747428e+00	
   5.2200000e+05	   2.5495805e+03	   3.2862170e+02	  -1.2808760e+00	
   5.2290000e+05	   2.5342793e+03	   3.4289552e+02	  -1.2873207e+00	
   5.2380000e+05	   2.5186469e+03	   3.5767037e+02	  -1.2940402e+00	
   5.2470000e+05	   2.5024038e+03	   3.7273743e+02	  -1.3010569e+00	
   5.2560000e+05	   2.4849370e+03	   3.8786201e+02	  -1.3084462e+00	
   5.2650000e+05	   2.4661417e+03	   4.0286886e+02	  -1.3162063e+00	
   5.2740000e+05	   2.4462104e+03	   4.1759803e+02	  -1.3242937e+00	
   5.2830000e+05	   2.4253376e+03	   4.3188934e+02	  -1.3326650e+00	
   5.2920000e+05	   2.4037124e+03	   4.4559870e+02	  -1.3412697e+00	
   5.3010000e+05	   2.3815181e+03	   4.5859468e+02	  -1.3500477e+00	
   5.3100000e+05	   2.3589318e+03	   4.7075722e+02	  -1.3589289e+00	
   5.3190000e+05	   2.3361474e+03	   4.8196091e+02	  -1.3678303e+00	
   5.3280000e+05	   2.3134025e+03	   4.9205381e+02	  -1.3766546e+00	
   5.3370000e+05	   2.2909370e+03	   5.0089094e+02	  -1.3852892e+00	
   5.3460000e+05	   2.2689770e+03	   5.0834754e+02	  -1.3936007e+00	
   5.3550000e+05	   2.2476360e+03	   5.1436065e+02	  -1.4013862e+00	
   5.3640000e+05	   2.2269587e+03	   5.1891330e+02	  -1.4083943e+00	
   5.3730000e+05	   2.2069891e+03	   5.2201177e+02	  -1.4143562e+00	
   5.3820000e+05	   2.1877779e+03	   5.2368687e+02	  -1.4189866e+00	
   5.3910000e+05	   2.1694061e+03	   5.2403342e+02	  -1.4219972e+00	
   5.4000000e+05	   2.1521722e+03	   5.2357657e+02	  -1.4232243e+00	
   5.4090000e+05	   2.1365264e+03	   5.2312282e+02	  -1.4225854e+00	
   5.4180000e+05	   2.1228089e+03	   5.2355207e+02	  -1.4199934e+00	
   5.4270000e+05	   2.1111647e+03	   5.2581043e+02	  -1.4153421e+00	
   5.4360000e+05	   2.1016548e+03	   5.3090169e+02	  -1.4084628e+00	
   5.4450000e+05	   2.0943753e+03	   5.3979998e+02	  -1.3991540e+00	
   5.4540000e+05	   2.0893571e+03	   5.5333441e+02	  -1.3872475e+00	
   5.4630000e+05	   2.0866377e+03	   5.7216863e+02	  -1.3725671e+00	
   5.4720000e+05	   2.0863226e+03	   5.9678096e+02	  -1.3548849e+00	
