   0.0000000e+00	   6.1951040e+02	   2.6072383e+02	   8.0431617e-01	
   9.0000000e+02	   6.3551958e+02	   2.4628576e+02	   8.3269949e-01	
   1.8000000e+03	   6.4788741e+02	   2.3696543e+02	   8.5510319e-01	
   2.7000000e+03	   6.5788512e+02	   2.3343159e+02	   8.7078021e-01	
   3.6000000e+03	   6.6765578e+02	   2.3408044e+02	   8.8121201e-01	
   4.5000000e+03	   6.7864302e+02	   2.3550498e+02	   8.9126578e-01	
   5.4000000e+03	   6.8972174e+02	   2.3584853e+02	   9.0125913e-01	
   6.3000000e+03	   7.0005312e+02	   2.3534297e+02	   9.0577999e-01	
   7.2000000e+03	   7.1017628e+02	   2.3627838e+02	   9.0038030e-01	
   8.1000000e+03	   7.2059800e+02	   2.4159275e+02	   8.8777373e-01	
   9.0000000e+03	   7.2912980e+02	   2.5019380e+02	   8.7782407e-01	
   9.9000000e+03	   7.3373952e+02	   2.5827413e+02	   8.7793569e-01	
   1.0800000e+04	   7.3704951e+02	   2.6595190e+02	   8.8768101e-01	
   1.1700000e+04	   7.4059922e+02	   2.7510338e+02	   8.9978161e-01	
   1.2600000e+04	   7.3982372e+02	   2.8201895e+02	   9.0469985e-01	
   1.3500000e+04	   7.3382207e+02	   2.8216586e+02	   9.0142234e-01	
   1.4400000e+04	   7.3048302e+02	   2.7895973e+02	   8.9635189e-01	
   1.5300000e+04	   7.3480250e+02	   2.7728249e+02	   8.9098439e-01	
   1.6200000e+04	   7.4606239e+02	   2.7565859e+02	   8.8639705e-01	
   1.7100000e+04	   7.6121967e+02	   2.7257732e+02	   8.9009685e-01	
   1.8000000e+04	   7.7628280e+02	   2.7016002e+02	   9.0811628e-01	
   1.8900000e+04	   7.8849832e+02	   2.6790881e+02	   9.3931760e-01	
   1.9800000e+04	   7.9419807e+02	   2.6254380e+02	   9.7763650e-01	
   2.0700000e+04	   7.9336868e+02	   2.5142289e+02	   1.0157039e+00	
   2.1600000e+04	   7.9320613e+02	   2.3398570e+02	   1.0456477e+00	
   2.2500000e+04	   8.0170847e+02	   2.1537236e+02	   1.0639688e+00	
   2.3400000e+04	   8.2427044e+02	   1.9977031e+02	   1.0724905e+00	
   2.4300000e+04	   8.5859200e+02	   1.8562577e+02	   1.0805561e+00	
   2.5200000e+04	   8.9535686e+02	   1.7269219e+02	   1.0991876e+00	
   2.6100000e+04	   9.2801206e+02	   1.6683299e+02	   1.1229013e+00	
   2.7000000e+04	   9.5288682e+02	   1.6821642e+02	   1.1355137e+00	
   2.7900000e+04	   9.7127512e+02	   1.7484409e+02	   1.1361759e+00	
   2.8800000e+04	   9.8848821e+02	   1.8190547e+02	   1.1386108e+00	
   2.9700000e+04	   1.0060974e+03	   1.8058864e+02	   1.1493722e+00	
   3.0600000e+04	   1.0261544e+03	   1.7312470e+02	   1.1641018e+00	
   3.1500000e+04	   1.0506493e+03	   1.6824393e+02	   1.1782483e+00	
   3.2400000e+04	   1.0758425e+03	   1.6590447e+02	   1.1922530e+00	
   3.3300000e+04	   1.0990304e+03	   1.5951184e+02	   1.2081981e+00	
   3.4200000e+04	   1.1221649e+03	   1.4946758e+02	   1.2241686e+00	
   3.5100000e+04	   1.1454000e+03	   1.4144371e+02	   1.2348647e+00	
   3.6000000e+04	   1.1661240e+03	   1.3566574e+02	   1.2385309e+00	
   3.6900000e+04	   1.1820337e+03	   1.2938473e+02	   1.2397851e+00	
   3.7800000e+04	   1.1937145e+03	   1.2308824e+02	   1.2447243e+00	
   3.8700000e+04	   1.2055718e+03	   1.1709144e+02	   1.2550108e+00	
   3.9600000e+04	   1.2227079e+03	   1.0965212e+02	   1.2672861e+00	
   4.0500000e+04	   1.2463688e+03	   1.0079936e+02	   1.2794533e+00	
   4.1400000e+04	   1.2723942e+03	   9.2991639e+01	   1.2936271e+00	
   4.2300000e+04	   1.2968633e+03	   8.7620994e+01	   1.3097254e+00	
   4.3200000e+04	   1.3203913e+03	   8.4584420e+01	   1.3245456e+00	
   4.4100000e+04	   1.3445935e+03	   8.3421840e+01	   1.3370774e+00	
   4.5000000e+04	   1.3704686e+03	   8.3120177e+01	   1.3471969e+00	
   4.5900000e+04	   1.3986320e+03	   8.4111134e+01	   1.3536566e+00	
   4.6800000e+04	   1.4265688e+03	   8.6957915e+01	   1.3553713e+00	
   4.7700000e+04	   1.4512237e+03	   9.1293417e+01	   1.3528823e+00	
   4.8600000e+04	   1.4741550e+03	   9.6577572e+01	   1.3489170e+00	
   4.9500000e+04	   1.4981362e+03	   1.0355907e+02	   1.3448936e+00	
   5.0400000e+04	   1.5223473e+03	   1.1317911e+02	   1.3408386e+00	
   5.1300000e+04	   1.5440912e+03	   1.2352885e+02	   1.3379119e+00	
   5.2200000e+04	   1.5617814e+03	   1.3256851e+02	   1.3372496e+00	
   5.3100000e+04	   1.5772094e+03	   1.3890114e+02	   1.3388418e+00	
   5.4000000e+04	   1.5978168e+03	   1.4149687e+02	   1.3403004e+00	
   5.4900000e+04	   1.6297940e+03	   1.4050095e+02	   1.3389630e+00	
   5.5800000e+04	   1.6706061e+03	   1.3669821e+02	   1.3363262e+00	
   5.6700000e+04	   1.7124611e+03	   1.3019132e+02	   1.3353404e+00	
   5.7600000e+04	   1.7485145e+03	   1.2374859e+02	   1.3363867e+00	
   5.8500000e+04	   1.7782473e+03	   1.2015813e+02	   1.3393874e+00	
   5.9400000e+04	   1.8072873e+03	   1.1783396e+02	   1.3448492e+00	
   6.0300000e+04	   1.8381856e+03	   1.1489914e+02	   1.3524754e+00	
   6.1200000e+04	   1.8679782e+03	   1.1228454e+02	   1.3609653e+00	
   6.2100000e+04	   1.8947443e+03	   1.1123370e+02	   1.3692389e+00	
   6.3000000e+04	   1.9177892e+03	   1.1092777e+02	   1.3771165e+00	
   6.3900000e+04	   1.9365812e+03	   1.0861029e+02	   1.3849530e+00	
   6.4800000e+04	   1.9535037e+03	   1.0556509e+02	   1.3938229e+00	
   6.5700000e+04	   1.9721803e+03	   1.0525860e+02	   1.4041355e+00	
   6.6600000e+04	   1.9951258e+03	   1.0752791e+02	   1.4123209e+00	
   6.7500000e+04	   2.0241375e+03	   1.1205103e+02	   1.4141208e+00	
   6.8400000e+04	   2.0590890e+03	   1.1892401e+02	   1.4111934e+00	
   6.9300000e+04	   2.0975068e+03	   1.2550319e+02	   1.4078105e+00	
   7.0200000e+04	   2.1374557e+03	   1.3073821e+02	   1.4051520e+00	
   7.1100000e+04	   2.1770266e+03	   1.3587169e+02	   1.4022078e+00	
   7.2000000e+04	   2.2124406e+03	   1.4080120e+02	   1.3984422e+00	
   7.2900000e+04	   2.2415340e+03	   1.4395866e+02	   1.3950960e+00	
   7.3800000e+04	   2.2642272e+03	   1.4584524e+02	   1.3933222e+00	
   7.4700000e+04	   2.2793693e+03	   1.4818891e+02	   1.3927717e+00	
   7.5600000e+04	   2.2864843e+03	   1.5166522e+02	   1.3930214e+00	
   7.6500000e+04	   2.2879438e+03	   1.5597233e+02	   1.3944986e+00	
   7.7400000e+04	   2.2875171e+03	   1.6083419e+02	   1.3979854e+00	
   7.8300000e+04	   2.2872318e+03	   1.6609755e+02	   1.4033356e+00	
   7.9200000e+04	   2.2878195e+03	   1.7170238e+02	   1.4095088e+00	
   8.0100000e+04	   2.2895725e+03	   1.7751595e+02	   1.4155843e+00	
   8.1000000e+04	   2.2924979e+03	   1.8316556e+02	   1.4208999e+00	
   8.1900000e+04	   2.2983685e+03	   1.8862363e+02	   1.4254941e+00	
   8.2800000e+04	   2.3098298e+03	   1.9387086e+02	   1.4297275e+00	
   8.3700000e+04	   2.3272113e+03	   1.9862493e+02	   1.4338190e+00	
   8.4600000e+04	   2.3490127e+03	   2.0279557e+02	   1.4378501e+00	
   8.5500000e+04	   2.3743499e+03	   2.0669669e+02	   1.4426061e+00	
   8.6400000e+04	   2.4035392e+03	   2.1033156e+02	   1.4498137e+00	
   8.7300000e+04	   2.4353501e+03	   2.1336104e+02	   1.4592255e+00	
   8.8200000e+04	   2.4648357e+03	   2.1654680e+02	   1.4686023e+00	
   8.9100000e+04	   2.4883592e+03	   2.2086514e+02	   1.4765485e+00	
   9.0000000e+04	   2.5055290e+03	   2.2514296e+02	   1.4828037e+00	
   9.0900000e+04	   2.5147798e+03	   2.2787381e+02	   1.4881580e+00	
   9.1800000e+04	   2.5139387e+03	   2.2852723e+02	   1.4943492e+00	
   9.2700000e+04	   2.5045101e+03	   2.2699661e+02	   1.5030928e+00	
   9.3600000e+04	   2.4927158e+03	   2.2733811e+02	   1.5158348e+00	
   9.4500000e+04	   2.4857497e+03	   2.3333260e+02	   1.5318026e+00	
   9.5400000e+04	   2.4898721e+03	   2.4073631e+02	   1.5473910e+00	
   9.6300000e+04	   2.5078860e+03	   2.4450809e+02	   1.5600564e+00	
   9.7200000e+04	   2.5356961e+03	   2.4568490e+02	   1.5692345e+00	
   9.8100000e+04	   2.5678353e+03	   2.4791409e+02	  -1.5651069e+00	
   9.9000000e+04	   2.6030348e+03	   2.5302771e+02	  -1.5559770e+00	
   9.9900000e+04	   2.6391627e+03	   2.5943950e+02	  -1.5450869e+00	
   1.0080000e+05	   2.6708758e+03	   2.6238606e+02	  -1.5363217e+00	
   1.0170000e+05	   2.6959100e+03	   2.6175772e+02	  -1.5290715e+00	
   1.0260000e+05	   2.7155749e+03	   2.5924921e+02	  -1.5195304e+00	
   1.0350000e+05	   2.7326240e+03	   2.5420485e+02	  -1.5074320e+00	
   1.0440000e+05	   2.7492593e+03	   2.4742471e+02	  -1.4952173e+00	
   1.0530000e+05	   2.7630799e+03	   2.4034983e+02	  -1.4846441e+00	
   1.0620000e+05	   2.7720841e+03	   2.3334505e+02	  -1.4762777e+00	
   1.0710000e+05	   2.7797358e+03	   2.2634614e+02	  -1.4695959e+00	
   1.0800000e+05	   2.7898172e+03	   2.2007705e+02	  -1.4634828e+00	
   1.0890000e+05	   2.8012890e+03	   2.1551913e+02	  -1.4574025e+00	
   1.0980000e+05	   2.8118330e+03	   2.1324408e+02	  -1.4514879e+00	
   1.1070000e+05	   2.8217474e+03	   2.1353364e+02	  -1.4460195e+00	
   1.1160000e+05	   2.8318301e+03	   2.1608471e+02	  -1.4415012e+00	
   1.1250000e+05	   2.8420433e+03	   2.2046682e+02	  -1.4383533e+00	
   1.1340000e+05	   2.8523150e+03	   2.2438044e+02	  -1.4363121e+00	
   1.1430000e+05	   2.8628821e+03	   2.2508833e+02	  -1.4345857e+00	
   1.1520000e+05	   2.8739566e+03	   2.2308611e+02	  -1.4321074e+00	
   1.1610000e+05	   2.8856488e+03	   2.1931443e+02	  -1.4284942e+00	
   1.1700000e+05	   2.8977802e+03	   2.1523875e+02	  -1.4239891e+00	
   1.1790000e+05	   2.9059183e+03	   2.1258018e+02	  -1.4183362e+00	
   1.1880000e+05	   2.9017743e+03	   2.0969602e+02	  -1.4110978e+00	
   1.1970000e+05	   2.8846028e+03	   2.0392291e+02	  -1.4023262e+00	
   1.2060000e+05	   2.8646783e+03	   1.9630008e+02	  -1.3928664e+00	
   1.2150000e+05	   2.8510086e+03	   1.9048900e+02	  -1.3840470e+00	
   1.2240000e+05	   2.8459052e+03	   1.9062880e+02	  -1.3761838e+00	
   1.2330000e+05	   2.8467257e+03	   1.9695333e+02	  -1.3683779e+00	
   1.2420000e+05	   2.8470826e+03	   2.0365559e+02	  -1.3607328e+00	
   1.2510000e+05	   2.8451005e+03	   2.0658002e+02	  -1.3541085e+00	
   1.2600000e+05	   2.8481528e+03	   2.0753194e+02	  -1.3480395e+00	
   1.2690000e+05	   2.8612765e+03	   2.0874280e+02	  -1.3418111e+00	
   1.2780000e+05	   2.8784023e+03	   2.0867384e+02	  -1.3358016e+00	
   1.2870000e+05	   2.8904904e+03	   2.0605756e+02	  -1.3303585e+00	
   1.2960000e+05	   2.8955717e+03	   2.0520577e+02	  -1.3248086e+00	
   1.3050000e+05	   2.9001093e+03	   2.0958871e+02	  -1.3185348e+00	
   1.3140000e+05	   2.9099306e+03	   2.1428082e+02	  -1.3122428e+00	
   1.3230000e+05	   2.9233294e+03	   2.1428927e+02	  -1.3070261e+00	
   1.3320000e+05	   2.9363106e+03	   2.1182656e+02	  -1.3030055e+00	
   1.3410000e+05	   2.9460708e+03	   2.1081485e+02	  -1.2993157e+00	
   1.3500000e+05	   2.9512930e+03	   2.1473848e+02	  -1.2943474e+00	
   1.3590000e+05	   2.9545247e+03	   2.2434958e+02	  -1.2868164e+00	
   1.3680000e+05	   2.9612806e+03	   2.3360627e+02	  -1.2771866e+00	
   1.3770000e+05	   2.9742118e+03	   2.3734496e+02	  -1.2665937e+00	
   1.3860000e+05	   2.9909438e+03	   2.3970249e+02	  -1.2554308e+00	
   1.3950000e+05	   3.0092072e+03	   2.4679635e+02	  -1.2438149e+00	
   1.4040000e+05	   3.0272315e+03	   2.5837984e+02	  -1.2320102e+00	
   1.4130000e+05	   3.0416291e+03	   2.7106812e+02	  -1.2201517e+00	
   1.4220000e+05	   3.0505024e+03	   2.8227442e+02	  -1.2088450e+00	
   1.4310000e+05	   3.0558383e+03	   2.9109763e+02	  -1.1987398e+00	
   1.4400000e+05	   3.0631937e+03	   2.9866794e+02	  -1.1897941e+00	
   1.4490000e+05	   3.0780836e+03	   3.0634024e+02	  -1.1818963e+00	
   1.4580000e+05	   3.1001932e+03	   3.1357150e+02	  -1.1745247e+00	
   1.4670000e+05	   3.1236902e+03	   3.1881132e+02	  -1.1670889e+00	
   1.4760000e+05	   3.1445959e+03	   3.2303015e+02	  -1.1597691e+00	
   1.4850000e+05	   3.1643646e+03	   3.2836129e+02	  -1.1532858e+00	
   1.4940000e+05	   3.1836774e+03	   3.3504361e+02	  -1.1478426e+00	
   1.5030000e+05	   3.1989647e+03	   3.4194420e+02	  -1.1423518e+00	
   1.5120000e+05	   3.2085512e+03	   3.4881594e+02	  -1.1357150e+00	
   1.5210000e+05	   3.2138856e+03	   3.5649118e+02	  -1.1279740e+00	
   1.5300000e+05	   3.2155165e+03	   3.6432206e+02	  -1.1193119e+00	
   1.5390000e+05	   3.2164558e+03	   3.7020264e+02	  -1.1095577e+00	
   1.5480000e+05	   3.2228910e+03	   3.7335671e+02	  -1.0990855e+00	
   1.5570000e+05	   3.2356196e+03	   3.7485209e+02	  -1.0887141e+00	
   1.5660000e+05	   3.2496248e+03	   3.7493092e+02	  -1.0791072e+00	
   1.5750000e+05	   3.2627111e+03	   3.7305399e+02	  -1.0709349e+00	
   1.5840000e+05	   3.2764856e+03	   3.7078882e+02	  -1.0648586e+00	
   1.5930000e+05	   3.2904118e+03	   3.6989739e+02	  -1.0601397e+00	
   1.6020000e+05	   3.3021970e+03	   3.7056614e+02	  -1.0548011e+00	
   1.6110000e+05	   3.3129274e+03	   3.7215542e+02	  -1.0476963e+00	
   1.6200000e+05	   3.3248041e+03	   3.7347478e+02	  -1.0393015e+00	
   1.6290000e+05	   3.3367513e+03	   3.7425605e+02	  -1.0313243e+00	
   1.6380000e+05	   3.3472047e+03	   3.7318603e+02	  -1.0247714e+00	
   1.6470000e+05	   3.3564855e+03	   3.6800651e+02	  -1.0188113e+00	
   1.6560000e+05	   3.3656937e+03	   3.6056546e+02	  -1.0127736e+00	
   1.6650000e+05	   3.3766812e+03	   3.5543435e+02	  -1.0075716e+00	
   1.6740000e+05	   3.3910315e+03	   3.5432086e+02	  -1.0040687e+00	
   1.6830000e+05	   3.4076714e+03	   3.5530018e+02	  -1.0012330e+00	
   1.6920000e+05	   3.4242071e+03	   3.5766552e+02	  -9.9779536e-01	
   1.7010000e+05	   3.4394115e+03	   3.6319700e+02	  -9.9429013e-01	
   1.7100000e+05	   3.4517729e+03	   3.6976034e+02	  -9.9146272e-01	
   1.7190000e+05	   3.4602052e+03	   3.7278948e+02	  -9.8899413e-01	
   1.7280000e+05	   3.4668648e+03	   3.7146281e+02	  -9.8609438e-01	
   1.7370000e+05	   3.4752185e+03	   3.6644998e+02	  -9.8227089e-01	
   1.7460000e+05	   3.4857045e+03	   3.6052357e+02	  -9.7771516e-01	
   1.7550000e+05	   3.4957456e+03	   3.5760098e+02	  -9.7332778e-01	
   1.7640000e+05	   3.5047603e+03	   3.5581543e+02	  -9.7104801e-01	
   1.7730000e+05	   3.5137742e+03	   3.5186967e+02	  -9.7161431e-01	
   1.7820000e+05	   3.5208365e+03	   3.4685741e+02	  -9.7242729e-01	
   1.7910000e+05	   3.5253001e+03	   3.4137436e+02	  -9.7134296e-01	
   1.8000000e+05	   3.5309318e+03	   3.3490383e+02	  -9.6948586e-01	
   1.8090000e+05	   3.5393180e+03	   3.2830710e+02	  -9.6806328e-01	
   1.8180000e+05	   3.5496619e+03	   3.2347711e+02	  -9.6613915e-01	
   1.8270000e+05	   3.5591313e+03	   3.2130179e+02	  -9.6332027e-01	
   1.8360000e+05	   3.5616493e+03	   3.2019263e+02	  -9.6187525e-01	
   1.8450000e+05	   3.5556381e+03	   3.1897191e+02	  -9.6248252e-01	
   1.8540000e+05	   3.5441002e+03	   3.1776128e+02	  -9.6199404e-01	
   1.8630000e+05	   3.5291371e+03	   3.1414392e+02	  -9.5809430e-01	
   1.8720000e+05	   3.5148305e+03	   3.0635099e+02	  -9.5148806e-01	
   1.8810000e+05	   3.5067304e+03	   2.9591868e+02	  -9.4357205e-01	
   1.8900000e+05	   3.5077033e+03	   2.8364436e+02	  -9.3578096e-01	
   1.8990000e+05	   3.5166066e+03	   2.6922336e+02	  -9.2851977e-01	
   1.9080000e+05	   3.5296665e+03	   2.5555521e+02	  -9.2035535e-01	
   1.9170000e+05	   3.5456251e+03	   2.4613876e+02	  -9.1173155e-01	
   1.9260000e+05	   3.5654184e+03	   2.4036510e+02	  -9.0546363e-01	
   1.9350000e+05	   3.5881504e+03	   2.3638443e+02	  -9.0199188e-01	
   1.9440000e+05	   3.6123335e+03	   2.3444207e+02	  -8.9899845e-01	
   1.9530000e+05	   3.6367218e+03	   2.3447873e+02	  -8.9499704e-01	
   1.9620000e+05	   3.6597158e+03	   2.3408576e+02	  -8.9025071e-01	
   1.9710000e+05	   3.6800878e+03	   2.3131583e+02	  -8.8599901e-01	
   1.9800000e+05	   3.6969166e+03	   2.2676759e+02	  -8.8330782e-01	
   1.9890000e+05	   3.7100431e+03	   2.2247073e+02	  -8.8183422e-01	
   1.9980000e+05	   3.7216397e+03	   2.2007048e+02	  -8.8046557e-01	
   2.0070000e+05	   3.7337799e+03	   2.1960828e+02	  -8.7864920e-01	
   2.0160000e+05	   3.7441941e+03	   2.1930087e+02	  -8.7652480e-01	
   2.0250000e+05	   3.7508583e+03	   2.1748277e+02	  -8.7431780e-01	
   2.0340000e+05	   3.7550031e+03	   2.1535277e+02	  -8.7191228e-01	
   2.0430000e+05	   3.7563753e+03	   2.1553984e+02	  -8.6969492e-01	
   2.0520000e+05	   3.7541799e+03	   2.1930969e+02	  -8.6858562e-01	
   2.0610000e+05	   3.7496710e+03	   2.2619327e+02	  -8.6884440e-01	
   2.0700000e+05	   3.7458304e+03	   2.3317335e+02	  -8.6987073e-01	
   2.0790000e+05	   3.7448908e+03	   2.3623611e+02	  -8.7076437e-01	
   2.0880000e+05	   3.7465341e+03	   2.3511066e+02	  -8.7074638e-01	
   2.0970000e+05	   3.7497229e+03	   2.3170913e+02	  -8.6967810e-01	
   2.1060000e+05	   3.7571545e+03	   2.2694291e+02	  -8.6823412e-01	
   2.1150000e+05	   3.7731016e+03	   2.2082101e+02	  -8.6676107e-01	
   2.1240000e+05	   3.7922926e+03	   2.1649175e+02	  -8.6485891e-01	
   2.1330000e+05	   3.8071228e+03	   2.1765938e+02	  -8.6232019e-01	
   2.1420000e+05	   3.8211256e+03	   2.2002151e+02	  -8.5975980e-01	
   2.1510000e+05	   3.8399948e+03	   2.1722398e+02	  -8.5790126e-01	
   2.1600000e+05	   3.8647629e+03	   2.0840321e+02	  -8.5678717e-01	
   2.1690000e+05	   3.8949088e+03	   1.9546891e+02	  -8.5601635e-01	
   2.1780000e+05	   3.9277166e+03	   1.8074478e+02	  -8.5494702e-01	
   2.1870000e+05	   3.9604231e+03	   1.6567147e+02	  -8.5337699e-01	
   2.1960000e+05	   3.9928390e+03	   1.5137854e+02	  -8.5205727e-01	
   2.2050000e+05	   4.0254661e+03	   1.3881810e+02	  -8.5201177e-01	
   2.2140000e+05	   4.0585901e+03	   1.2884795e+02	  -8.5384304e-01	
   2.2230000e+05	   4.0907813e+03	   1.2267750e+02	  -8.5726455e-01	
   2.2320000e+05	   4.1189301e+03	   1.1948736e+02	  -8.6152020e-01	
   2.2410000e+05	   4.1429340e+03	   1.1699278e+02	  -8.6615211e-01	
   2.2500000e+05	   4.1645740e+03	   1.1436934e+02	  -8.7081468e-01	
   2.2590000e+05	   4.1838061e+03	   1.1222116e+02	  -8.7528109e-01	
   2.2680000e+05	   4.1995331e+03	   1.1161918e+02	  -8.7960134e-01	
   2.2770000e+05	   4.2103182e+03	   1.1348289e+02	  -8.8407944e-01	
   2.2860000e+05	   4.2150193e+03	   1.1883725e+02	  -8.8907876e-01	
   2.2950000e+05	   4.2135778e+03	   1.2942147e+02	  -8.9492257e-01	
   2.3040000e+05	   4.2072041e+03	   1.4295525e+02	  -9.0211774e-01	
   2.3130000e+05	   4.1977739e+03	   1.5132092e+02	  -9.1055812e-01	
   2.3220000e+05	   4.1874340e+03	   1.5301592e+02	  -9.1877668e-01	
   2.3310000e+05	   4.1781364e+03	   1.5087687e+02	  -9.2514740e-01	
   2.3400000e+05	   4.1708772e+03	   1.4801716e+02	  -9.2939181e-01	
   2.3490000e+05	   4.1649325e+03	   1.4939382e+02	  -9.3237656e-01	
   2.3580000e+05	   4.1579461e+03	   1.5621082e+02	  -9.3479557e-01	
   2.3670000e+05	   4.1493710e+03	   1.6542398e+02	  -9.3720147e-01	
   2.3760000e+05	   4.1417395e+03	   1.7340025e+02	  -9.4012348e-01	
   2.3850000e+05	   4.1364460e+03	   1.7985593e+02	  -9.4364393e-01	
   2.3940000e+05	   4.1330893e+03	   1.8826937e+02	  -9.4778328e-01	
   2.4030000e+05	   4.1310795e+03	   1.9983843e+02	  -9.5242221e-01	
   2.4120000e+05	   4.1304305e+03	   2.1119226e+02	  -9.5716889e-01	
   2.4210000e+05	   4.1324717e+03	   2.2026039e+02	  -9.6171079e-01	
   2.4300000e+05	   4.1373664e+03	   2.2804763e+02	  -9.6575716e-01	
   2.4390000e+05	   4.1433294e+03	   2.3594663e+02	  -9.6919950e-01	
   2.4480000e+05	   4.1504378e+03	   2.4515330e+02	  -9.7234160e-01	
   2.4570000e+05	   4.1609668e+03	   2.5573094e+02	  -9.7522221e-01	
   2.4660000e+05	   4.1759358e+03	   2.6659151e+02	  -9.7720074e-01	
   2.4750000e+05	   4.1938729e+03	   2.7655557e+02	  -9.7804315e-01	
   2.4840000e+05	   4.2120766e+03	   2.8579021e+02	  -9.7878287e-01	
   2.4930000e+05	   4.2299469e+03	   2.9581516e+02	  -9.8062877e-01	
   2.5020000e+05	   4.2488667e+03	   3.0707553e+02	  -9.8379898e-01	
   2.5110000e+05	   4.2687461e+03	   3.1812368e+02	  -9.8785440e-01	
   2.5200000e+05	   4.2876456e+03	   3.2659632e+02	  -9.9218122e-01	
   2.5290000e+05	   4.3026365e+03	   3.3047859e+02	  -9.9635414e-01	
   2.5380000e+05	   4.3123740e+03	   3.2961746e+02	  -1.0006705e+00	
   2.5470000e+05	   4.3182852e+03	   3.2564151e+02	  -1.0055459e+00	
   2.5560000e+05	   4.3209017e+03	   3.2087052e+02	  -1.0109224e+00	
   2.5650000e+05	   4.3188253e+03	   3.1782944e+02	  -1.0166573e+00	
   2.5740000e+05	   4.3111850e+03	   3.1845455e+02	  -1.0225390e+00	
   2.5830000e+05	   4.2995104e+03	   3.2100410e+02	  -1.0285614e+00	
   2.5920000e+05	   4.2864005e+03	   3.2066758e+02	  -1.0348586e+00	
   2.6010000e+05	   4.2723109e+03	   3.1680609e+02	  -1.0411433e+00	
   2.6100000e+05	   4.2568821e+03	   3.1321613e+02	  -1.0470641e+00	
   2.6190000e+05	   4.2406480e+03	   3.1058771e+02	  -1.0526448e+00	
   2.6280000e+05	   4.2245551e+03	   3.0645779e+02	  -1.0581083e+00	
   2.6370000e+05	   4.2106518e+03	   3.0041049e+02	  -1.0633248e+00	
   2.6460000e+05	   4.2020650e+03	   2.9355526e+02	  -1.0677994e+00	
   2.6550000e+05	   4.2005699e+03	   2.8783564e+02	  -1.0712078e+00	
   2.6640000e+05	   4.2060720e+03	   2.8678765e+02	  -1.0740052e+00	
   2.6730000e+05	   4.2146476e+03	   2.8886857e+02	  -1.0777566e+00	
   2.6820000e+05	   4.2190771e+03	   2.8624307e+02	  -1.0836940e+00	
   2.6910000e+05	   4.2199219e+03	   2.7946445e+02	  -1.0900919e+00	
   2.7000000e+05	   4.2253123e+03	   2.7733767e+02	  -1.0933396e+00	
   2.7090000e+05	   4.2335192e+03	   2.7846654e+02	  -1.0936246e+00	
   2.7180000e+05	   4.2340181e+03	   2.7714490e+02	  -1.0959661e+00	
   2.7270000e+05	   4.2255470e+03	   2.7451313e+02	  -1.1025754e+00	
   2.7360000e+05	   4.2158459e+03	   2.7231709e+02	  -1.1097885e+00	
   2.7450000e+05	   4.2080068e+03	   2.6958312e+02	  -1.1146698e+00	
   2.7540000e+05	   4.1986326e+03	   2.6819643e+02	  -1.1178786e+00	
   2.7630000e+05	   4.1874497e+03	   2.7128075e+02	  -1.1204584e+00	
   2.7720000e+05	   4.1828380e+03	   2.7876348e+02	  -1.1221341e+00	
   2.7810000e+05	   4.1900161e+03	   2.8815386e+02	  -1.1220820e+00	
   2.7900000e+05	   4.2016443e+03	   2.9908261e+02	  -1.1205202e+00	
   2.7990000e+05	   4.2130022e+03	   3.1244234e+02	  -1.1184660e+00	
   2.8080000e+05	   4.2288322e+03	   3.2768786e+02	  -1.1166771e+00	
   2.8170000e+05	   4.2486891e+03	   3.4359191e+02	  -1.1154103e+00	
   2.8260000e+05	   4.2662798e+03	   3.5828246e+02	  -1.1144043e+00	
   2.8350000e+05	   4.2797528e+03	   3.6987856e+02	  -1.1132974e+00	
   2.8440000e+05	   4.2908491e+03	   3.7912104e+02	  -1.1126459e+00	
   2.8530000e+05	   4.3002476e+03	   3.8885894e+02	  -1.1133240e+00	
   2.8620000e+05	   4.3085638e+03	   3.9924171e+02	  -1.1147374e+00	
   2.8710000e+05	   4.3164438e+03	   4.0794359e+02	  -1.1159768e+00	
   2.8800000e+05	   4.3239973e+03	   4.1508169e+02	  -1.1172449e+00	
   2.8890000e+05	   4.3314268e+03	   4.2224246e+02	  -1.1187694e+00	
   2.8980000e+05	   4.3391429e+03	   4.2952991e+02	  -1.1203179e+00	
   2.9070000e+05	   4.3475009e+03	   4.3626262e+02	  -1.1219276e+00	
   2.9160000e+05	   4.3557183e+03	   4.4141237e+02	  -1.1236615e+00	
   2.9250000e+05	   4.3639402e+03	   4.4312801e+02	  -1.1254818e+00	
   2.9340000e+05	   4.3734263e+03	   4.4065563e+02	  -1.1277476e+00	
   2.9430000e+05	   4.3835802e+03	   4.3530044e+02	  -1.1308487e+00	
   2.9520000e+05	   4.3933649e+03	   4.2730519e+02	  -1.1345308e+00	
   2.9610000e+05	   4.4027889e+03	   4.1520375e+02	  -1.1383342e+00	
   2.9700000e+05	   4.4101809e+03	   4.0077212e+02	  -1.1426068e+00	
   2.9790000e+05	   4.4112909e+03	   3.9000453e+02	  -1.1476636e+00	
   2.9880000e+05	   4.4044173e+03	   3.8643970e+02	  -1.1525579e+00	
   2.9970000e+05	   4.3940886e+03	   3.8502079e+02	  -1.1564937e+00	
   3.0060000e+05	   4.3875107e+03	   3.7884847e+02	  -1.1598559e+00	
   3.0150000e+05	   4.3871281e+03	   3.6788385e+02	  -1.1629281e+00	
   3.0240000e+05	   4.3894770e+03	   3.5584071e+02	  -1.1655339e+00	
   3.0330000e+05	   4.3921179e+03	   3.4218082e+02	  -1.1674732e+00	
   3.0420000e+05	   4.3954118e+03	   3.2248090e+02	  -1.1681074e+00	
   3.0510000e+05	   4.3999087e+03	   2.9921780e+02	  -1.1676165e+00	
   3.0600000e+05	   4.4065837e+03	   2.8100858e+02	  -1.1674703e+00	
   3.0690000e+05	   4.4160646e+03	   2.6973974e+02	  -1.1682023e+00	
   3.0780000e+05	   4.4267560e+03	   2.6285097e+02	  -1.1691489e+00	
   3.0870000e+05	   4.4382591e+03	   2.5880610e+02	  -1.1700431e+00	
   3.0960000e+05	   4.4534389e+03	   2.5515064e+02	  -1.1715825e+00	
   3.1050000e+05	   4.4709109e+03	   2.5114938e+02	  -1.1747323e+00	
   3.1140000e+05	   4.4840917e+03	   2.4901597e+02	  -1.1793219e+00	
   3.1230000e+05	   4.4924523e+03	   2.4859636e+02	  -1.1837486e+00	
   3.1320000e+05	   4.5021043e+03	   2.4655201e+02	  -1.1867357e+00	
   3.1410000e+05	   4.5143340e+03	   2.4025728e+02	  -1.1884310e+00	
   3.1500000e+05	   4.5243825e+03	   2.3132521e+02	  -1.1892749e+00	
   3.1590000e+05	   4.5315115e+03	   2.2297595e+02	  -1.1893373e+00	
   3.1680000e+05	   4.5396156e+03	   2.1661753e+02	  -1.1886974e+00	
   3.1770000e+05	   4.5486963e+03	   2.1199702e+02	  -1.1875926e+00	
   3.1860000e+05	   4.5553799e+03	   2.0862594e+02	  -1.1864761e+00	
   3.1950000e+05	   4.5576729e+03	   2.0617558e+02	  -1.1855426e+00	
   3.2040000e+05	   4.5547335e+03	   2.0399142e+02	  -1.1845411e+00	
   3.2130000e+05	   4.5471141e+03	   2.0117531e+02	  -1.1833175e+00	
   3.2220000e+05	   4.5372812e+03	   1.9769230e+02	  -1.1820927e+00	
   3.2310000e+05	   4.5285979e+03	   1.9449921e+02	  -1.1811859e+00	
   3.2400000e+05	   4.5242050e+03	   1.9093051e+02	  -1.1806015e+00	
   3.2490000e+05	   4.5221564e+03	   1.8618182e+02	  -1.1802345e+00	
   3.2580000e+05	   4.5147202e+03	   1.8379313e+02	  -1.1797717e+00	
   3.2670000e+05	   4.5005385e+03	   1.8536582e+02	  -1.1787737e+00	
   3.2760000e+05	   4.4877715e+03	   1.8757875e+02	  -1.1772718e+00	
   3.2850000e+05	   4.4802584e+03	   1.8902978e+02	  -1.1755067e+00	
   3.2940000e+05	   4.4752749e+03	   1.9211463e+02	  -1.1731352e+00	
   3.3030000e+05	   4.4706943e+03	   1.9789522e+02	  -1.1696471e+00	
   3.3120000e+05	   4.4664581e+03	   2.0173413e+02	  -1.1656966e+00	
   3.3210000e+05	   4.4636569e+03	   2.0069948e+02	  -1.1621213e+00	
   3.3300000e+05	   4.4620716e+03	   2.0153566e+02	  -1.1581895e+00	
   3.3390000e+05	   4.4617339e+03	   2.0581284e+02	  -1.1530827e+00	
   3.3480000e+05	   4.4642994e+03	   2.0638462e+02	  -1.1475015e+00	
   3.3570000e+05	   4.4690332e+03	   2.0270776e+02	  -1.1422956e+00	
   3.3660000e+05	   4.4730655e+03	   1.9780025e+02	  -1.1372566e+00	
   3.3750000e+05	   4.4771337e+03	   1.9392461e+02	  -1.1317899e+00	
   3.3840000e+05	   4.4857653e+03	   1.9609103e+02	  -1.1255253e+00	
   3.3930000e+05	   4.5021814e+03	   2.0269602e+02	  -1.1183073e+00	
   3.4020000e+05	   4.5275811e+03	   2.0370601e+02	  -1.1105350e+00	
   3.4110000e+05	   4.5592797e+03	   1.9734677e+02	  -1.1031131e+00	
   3.4200000e+05	   4.5906720e+03	   1.9109065e+02	  -1.0966910e+00	
   3.4290000e+05	   4.6199299e+03	   1.8767693e+02	  -1.0910287e+00	
   3.4380000e+05	   4.6506737e+03	   1.8712431e+02	  -1.0856453e+00	
   3.4470000e+05	   4.6833576e+03	   1.9040074e+02	  -1.0812551e+00	
   3.4560000e+05	   4.7160314e+03	   1.9664409e+02	  -1.0792462e+00	
   3.4650000e+05	   4.7477996e+03	   2.0109360e+02	  -1.0793739e+00	
   3.4740000e+05	   4.7762857e+03	   1.9738161e+02	  -1.0801195e+00	
   3.4830000e+05	   4.7978673e+03	   1.8848331e+02	  -1.0815557e+00	
   3.4920000e+05	   4.8114110e+03	   1.8597712e+02	  -1.0847731e+00	
   3.5010000e+05	   4.8203520e+03	   1.9330679e+02	  -1.0893577e+00	
   3.5100000e+05	   4.8304780e+03	   2.0589338e+02	  -1.0933680e+00	
   3.5190000e+05	   4.8416441e+03	   2.1855243e+02	  -1.0958309e+00	
   3.5280000e+05	   4.8481394e+03	   2.2643271e+02	  -1.0975061e+00	
   3.5370000e+05	   4.8514231e+03	   2.2759034e+02	  -1.0990524e+00	
   3.5460000e+05	   4.8573789e+03	   2.2260783e+02	  -1.1002989e+00	
   3.5550000e+05	   4.8626109e+03	   2.1386449e+02	  -1.1008777e+00	
   3.5640000e+05	   4.8601334e+03	   2.0756623e+02	  -1.1009284e+00	
   3.5730000e+05	   4.8481676e+03	   2.0720682e+02	  -1.1010294e+00	
   3.5820000e+05	   4.8279288e+03	   2.1129844e+02	  -1.1009014e+00	
   3.5910000e+05	   4.8023440e+03	   2.1749344e+02	  -1.0998761e+00	
   3.6000000e+05	   4.7767077e+03	   2.2344682e+02	  -1.0977085e+00	
   3.6090000e+05	   4.7539418e+03	   2.2799734e+02	  -1.0941770e+00	
   3.6180000e+05	   4.7344609e+03	   2.3110188e+02	  -1.0896370e+00	
   3.6270000e+05	   4.7192369e+03	   2.3269959e+02	  -1.0847773e+00	
   3.6360000e+05	   4.7075187e+03	   2.3274737e+02	  -1.0794613e+00	
   3.6450000e+05	   4.6966306e+03	   2.3503182e+02	  -1.0729075e+00	
   3.6540000e+05	   4.6849596e+03	   2.4689777e+02	  -1.0644403e+00	
   3.6630000e+05	   4.6755651e+03	   2.6829551e+02	  -1.0538561e+00	
   3.6720000e+05	   4.6751651e+03	   2.9129238e+02	  -1.0418209e+00	
   3.6810000e+05	   4.6868716e+03	   3.1003118e+02	  -1.0296060e+00	
   3.6900000e+05	   4.7076930e+03	   3.2076090e+02	  -1.0185255e+00	
   3.6990000e+05	   4.7322798e+03	   3.2118979e+02	  -1.0092694e+00	
   3.7080000e+05	   4.7575800e+03	   3.1283777e+02	  -1.0013251e+00	
   3.7170000e+05	   4.7833637e+03	   2.9961850e+02	  -9.9422413e-01	
   3.7260000e+05	   4.8080441e+03	   2.8599939e+02	  -9.8834838e-01	
   3.7350000e+05	   4.8286230e+03	   2.7425979e+02	  -9.8395451e-01	
   3.7440000e+05	   4.8439319e+03	   2.6436618e+02	  -9.8108158e-01	
   3.7530000e+05	   4.8555007e+03	   2.5579480e+02	  -9.7976416e-01	
   3.7620000e+05	   4.8670054e+03	   2.4789018e+02	  -9.7984338e-01	
   3.7710000e+05	   4.8808080e+03	   2.4030100e+02	  -9.8139385e-01	
   3.7800000e+05	   4.8958447e+03	   2.3429982e+02	  -9.8429043e-01	
   3.7890000e+05	   4.9116049e+03	   2.3231419e+02	  -9.8766194e-01	
   3.7980000e+05	   4.9272739e+03	   2.3501275e+02	  -9.9062639e-01	
   3.8070000e+05	   4.9405855e+03	   2.4058212e+02	  -9.9284682e-01	
   3.8160000e+05	   4.9525307e+03	   2.4699805e+02	  -9.9399555e-01	
   3.8250000e+05	   4.9645319e+03	   2.5204994e+02	  -9.9409117e-01	
   3.8340000e+05	   4.9737846e+03	   2.5342411e+02	  -9.9424969e-01	
   3.8430000e+05	   4.9774353e+03	   2.5340754e+02	  -9.9536647e-01	
   3.8520000e+05	   4.9770439e+03	   2.5736722e+02	  -9.9690519e-01	
   3.8610000e+05	   4.9756427e+03	   2.6452361e+02	  -9.9831961e-01	
   3.8700000e+05	   4.9755409e+03	   2.7301945e+02	  -9.9973214e-01	
   3.8790000e+05	   4.9780020e+03	   2.8275468e+02	  -1.0007567e+00	
   3.8880000e+05	   4.9813227e+03	   2.9025767e+02	  -1.0009256e+00	
   3.8970000e+05	   4.9827362e+03	   2.9415275e+02	  -1.0009386e+00	
   3.9060000e+05	   4.9812257e+03	   2.9701431e+02	  -1.0019091e+00	
   3.9150000e+05	   4.9770131e+03	   2.9926325e+02	  -1.0040073e+00	
   3.9240000e+05	   4.9712253e+03	   2.9963497e+02	  -1.0062304e+00	
   3.9330000e+05	   4.9652649e+03	   2.9828030e+02	  -1.0074281e+00	
   3.9420000e+05	   4.9596862e+03	   2.9658593e+02	  -1.0074910e+00	
   3.9510000e+05	   4.9567853e+03	   2.9466184e+02	  -1.0069734e+00	
   3.9600000e+05	   4.9602584e+03	   2.9024113e+02	  -1.0061603e+00	
   3.9690000e+05	   4.9708320e+03	   2.8093824e+02	  -1.0054300e+00	
   3.9780000e+05	   4.9855337e+03	   2.6631851e+02	  -1.0057208e+00	
   3.9870000e+05	   4.9988160e+03	   2.5037975e+02	  -1.0076938e+00	
   3.9960000e+05	   5.0060365e+03	   2.3860603e+02	  -1.0108429e+00	
   4.0050000e+05	   5.0082940e+03	   2.3239494e+02	  -1.0141526e+00	
   4.0140000e+05	   5.0094715e+03	   2.3114105e+02	  -1.0172863e+00	
   4.0230000e+05	   5.0100844e+03	   2.3333719e+02	  -1.0208302e+00	
   4.0320000e+05	   5.0087384e+03	   2.3780864e+02	  -1.0252488e+00	
   4.0410000e+05	   5.0044842e+03	   2.4517817e+02	  -1.0299036e+00	
   4.0500000e+05	   4.9949257e+03	   2.5155136e+02	  -1.0342476e+00	
   4.0590000e+05	   4.9781805e+03	   2.4929018e+02	  -1.0388432e+00	
   4.0680000e+05	   4.9565576e+03	   2.4072138e+02	  -1.0434955e+00	
   4.0770000e+05	   4.9327349e+03	   2.3629138e+02	  -1.0471478e+00	
   4.0860000e+05	   4.9093117e+03	   2.3872999e+02	  -1.0496489e+00	
   4.0950000e+05	   4.8907548e+03	   2.4295732e+02	  -1.0514739e+00	
   4.1040000e+05	   4.8803968e+03	   2.4492752e+02	  -1.0529777e+00	
   4.1130000e+05	   4.8788848e+03	   2.4435173e+02	  -1.0540988e+00	
   4.1220000e+05	   4.8828386e+03	   2.4068823e+02	  -1.0547930e+00	
   4.1310000e+05	   4.8869924e+03	   2.3103760e+02	  -1.0551079e+00	
   4.1400000e+05	   4.8877367e+03	   2.1888139e+02	  -1.0545579e+00	
   4.1490000e+05	   4.8828616e+03	   2.1254750e+02	  -1.0525350e+00	
   4.1580000e+05	   4.8727928e+03	   2.1293294e+02	  -1.0489348e+00	
   4.1670000e+05	   4.8615191e+03	   2.1554476e+02	  -1.0446517e+00	
   4.1760000e+05	   4.8519763e+03	   2.1802688e+02	  -1.0410245e+00	
   4.1850000e+05	   4.8438174e+03	   2.2063524e+02	  -1.0382420e+00	
   4.1940000e+05	   4.8387489e+03	   2.2127964e+02	  -1.0356192e+00	
   4.2030000e+05	   4.8408022e+03	   2.1533796e+02	  -1.0326460e+00	
   4.2120000e+05	   4.8502401e+03	   2.0343759e+02	  -1.0294761e+00	
   4.2210000e+05	   4.8634606e+03	   1.9071983e+02	  -1.0264107e+00	
   4.2300000e+05	   4.8771865e+03	   1.8258715e+02	  -1.0236736e+00	
   4.2390000e+05	   4.8905379e+03	   1.8369178e+02	  -1.0218062e+00	
   4.2480000e+05	   4.9072002e+03	   1.9259800e+02	  -1.0210766e+00	
   4.2570000e+05	   4.9317112e+03	   2.0353835e+02	  -1.0213102e+00	
   4.2660000e+05	   4.9628145e+03	   2.1174513e+02	  -1.0222634e+00	
   4.2750000e+05	   4.9965640e+03	   2.1568766e+02	  -1.0236455e+00	
   4.2840000e+05	   5.0296044e+03	   2.1783261e+02	  -1.0252688e+00	
   4.2930000e+05	   5.0594318e+03	   2.2015738e+02	  -1.0269998e+00	
   4.3020000e+05	   5.0855357e+03	   2.2071467e+02	  -1.0284327e+00	
   4.3110000e+05	   5.1087151e+03	   2.1747977e+02	  -1.0294090e+00	
   4.3200000e+05	   5.1285676e+03	   2.1199549e+02	  -1.0304425e+00	
   4.3290000e+05	   5.1440591e+03	   2.0628340e+02	  -1.0320085e+00	
   4.3380000e+05	   5.1560255e+03	   2.0180952e+02	  -1.0339910e+00	
   4.3470000e+05	   5.1650815e+03	   1.9941291e+02	  -1.0362244e+00	
   4.3560000e+05	   5.1702139e+03	   1.9675287e+02	  -1.0388348e+00	
   4.3650000e+05	   5.1713713e+03	   1.9226358e+02	  -1.0413037e+00	
   4.3740000e+05	   5.1699110e+03	   1.8840721e+02	  -1.0425873e+00	
   4.3830000e+05	   5.1668293e+03	   1.8744612e+02	  -1.0422867e+00	
   4.3920000e+05	   5.1634285e+03	   1.8706347e+02	  -1.0403213e+00	
   4.4010000e+05	   5.1608540e+03	   1.8247705e+02	  -1.0371714e+00	
   4.4100000e+05	   5.1573439e+03	   1.7382937e+02	  -1.0342088e+00	
   4.4190000e+05	   5.1510825e+03	   1.6536514e+02	  -1.0321610e+00	
   4.4280000e+05	   5.1438855e+03	   1.6104017e+02	  -1.0307889e+00	
   4.4370000e+05	   5.1377196e+03	   1.6373049e+02	  -1.0294972e+00	
   4.4460000e+05	   5.1332347e+03	   1.6993868e+02	  -1.0276208e+00	
   4.4550000e+05	   5.1314971e+03	   1.7134751e+02	  -1.0248924e+00	
   4.4640000e+05	   5.1336697e+03	   1.6699955e+02	  -1.0210906e+00	
   4.4730000e+05	   5.1404343e+03	   1.6230817e+02	  -1.0160569e+00	
   4.4820000e+05	   5.1516558e+03	   1.5852858e+02	  -1.0104416e+00	
   4.4910000e+05	   5.1680703e+03	   1.5331404e+02	  -1.0051210e+00	
   4.5000000e+05	   5.1904075e+03	   1.4775349e+02	  -1.0008966e+00	
   4.5090000e+05	   5.2156787e+03	   1.4614582e+02	  -9.9832391e-01	
   4.5180000e+05	   5.2396269e+03	   1.5162057e+02	  -9.9748632e-01	
   4.5270000e+05	   5.2614326e+03	   1.6501028e+02	  -9.9811902e-01	
   4.5360000e+05	   5.2828767e+03	   1.8285077e+02	  -9.9944454e-01	
   4.5450000e+05	   5.3044504e+03	   1.9938436e+02	  -1.0013570e+00	
   4.5540000e+05	   5.3252322e+03	   2.1040496e+02	  -1.0045952e+00	
   4.5630000e+05	   5.3447306e+03	   2.1723882e+02	  -1.0090617e+00	
   4.5720000e+05	   5.3617218e+03	   2.2595617e+02	  -1.0138337e+00	
   4.5810000e+05	   5.3755162e+03	   2.3692633e+02	  -1.0183804e+00	
   4.5900000e+05	   5.3881533e+03	   2.4472517e+02	  -1.0228780e+00	
   4.5990000e+05	   5.4001326e+03	   2.4796597e+02	  -1.0275130e+00	
   4.6080000e+05	   5.4088610e+03	   2.4914810e+02	  -1.0320907e+00	
   4.6170000e+05	   5.4142771e+03	   2.4807537e+02	  -1.0363377e+00	
   4.6260000e+05	   5.4183463e+03	   2.4261648e+02	  -1.0399942e+00	
   4.6350000e+05	   5.4207000e+03	   2.3544204e+02	  -1.0427061e+00	
   4.6440000e+05	   5.4211352e+03	   2.3496377e+02	  -1.0441788e+00	
   4.6530000e+05	   5.4201408e+03	   2.4396373e+02	  -1.0446087e+00	
   4.6620000e+05	   5.4169692e+03	   2.5778563e+02	  -1.0447149e+00	
   4.6710000e+05	   5.4101084e+03	   2.7246298e+02	  -1.0450238e+00	
   4.6800000e+05	   5.3965927e+03	   2.8655474e+02	  -1.0458527e+00	
   4.6890000e+05	   5.3753164e+03	   2.9790919e+02	  -1.0476736e+00	
   4.6980000e+05	   5.3504228e+03	   3.0214186e+02	  -1.0504109e+00	
   4.7070000e+05	   5.3250279e+03	   2.9779247e+02	  -1.0533676e+00	
   4.7160000e+05	   5.2981962e+03	   2.8794960e+02	  -1.0562838e+00	
   4.7250000e+05	   5.2689605e+03	   2.7586583e+02	  -1.0592820e+00	
   4.7340000e+05	   5.2365249e+03	   2.6301940e+02	  -1.0623465e+00	
   4.7430000e+05	   5.1998194e+03	   2.4987524e+02	  -1.0653703e+00	
   4.7520000e+05	   5.1601223e+03	   2.3648121e+02	  -1.0679708e+00	
   4.7610000e+05	   5.1199154e+03	   2.2491903e+02	  -1.0696971e+00	
   4.7700000e+05	   5.0801177e+03	   2.1967293e+02	  -1.0706377e+00	
   4.7790000e+05	   5.0409339e+03	   2.2160093e+02	  -1.0712651e+00	
   4.7880000e+05	   5.0011477e+03	   2.2508169e+02	  -1.0713917e+00	
   4.7970000e+05	   4.9560655e+03	   2.2388045e+02	  -1.0702183e+00	
   4.8060000e+05	   4.9035695e+03	   2.1862560e+02	  -1.0676059e+00	
   4.8150000e+05	   4.8494972e+03	   2.1489462e+02	  -1.0639420e+00	
   4.8240000e+05	   4.8007285e+03	   2.1660038e+02	  -1.0593606e+00	
   4.8330000e+05	   4.7568131e+03	   2.2481764e+02	  -1.0537154e+00	
   4.8420000e+05	   4.7144708e+03	   2.4149414e+02	  -1.0469690e+00	
   4.8510000e+05	   4.6743516e+03	   2.6515768e+02	  -1.0395890e+00	
   4.8600000e+05	   4.6395402e+03	   2.8916996e+02	  -1.0322997e+00	
   4.8690000e+05	   4.6137456e+03	   3.1003995e+02	  -1.0252426e+00	
   4.8780000e+05	   4.5986324e+03	   3.2795190e+02	  -1.0181409e+00	
   4.8870000e+05	   4.5910863e+03	   3.4248891e+02	  -1.0109843e+00	
   4.8960000e+05	   4.5858251e+03	   3.5339248e+02	  -1.0038266e+00	
   4.9050000e+05	   4.5807022e+03	   3.6108760e+02	  -9.9639316e-01	
   4.9140000e+05	   4.5778282e+03	   3.6659054e+02	  -9.8882891e-01	
   4.9230000e+05	   4.5818049e+03	   3.7071374e+02	  -9.8227531e-01	
   4.9320000e+05	   4.5950440e+03	   3.7318950e+02	  -9.7803481e-01	
   4.9410000e+05	   4.6128303e+03	   3.7404062e+02	  -9.7594097e-01	
   4.9500000e+05	   4.6275989e+03	   3.7473245e+02	  -9.7488594e-01	
   4.9590000e+05	   4.6374944e+03	   3.7899409e+02	  -9.7442887e-01	
   4.9680000e+05	   4.6456656e+03	   3.8911873e+02	  -9.7423525e-01	
   4.9770000e+05	   4.6539614e+03	   4.0239179e+02	  -9.7428141e-01	
   4.9860000e+05	   4.6623263e+03	   4.1499711e+02	  -9.7527067e-01	
   4.9950000e+05	   4.6701332e+03	   4.2526824e+02	  -9.7714857e-01	
   5.0040000e+05	   4.6741522e+03	   4.3350086e+02	  -9.7927589e-01	
   5.0130000e+05	   4.6723947e+03	   4.4063287e+02	  -9.8149033e-01	
   5.0220000e+05	   4.6673474e+03	   4.4721524e+02	  -9.8379639e-01	
   5.0310000e+05	   4.6609239e+03	   4.5368081e+02	  -9.8612634e-01	
   5.0400000e+05	   4.6539487e+03	   4.6041234e+02	  -9.8842027e-01	
   5.0490000e+05	   4.6470744e+03	   4.6742825e+02	  -9.9052246e-01	
   5.0580000e+05	   4.6391215e+03	   4.7309768e+02	  -9.9185015e-01	
   5.0670000e+05	   4.6286444e+03	   4.7557101e+02	  -9.9199168e-01	
   5.0760000e+05	   4.6156484e+03	   4.7706602e+02	  -9.9183490e-01	
   5.0850000e+05	   4.6005747e+03	   4.8078670e+02	  -9.9250330e-01	
   5.0940000e+05	   4.5837435e+03	   4.8694499e+02	  -9.9420125e-01	
   5.1030000e+05	   4.5655145e+03	   4.9465859e+02	  -9.9681622e-01	
   5.1120000e+05	   4.5462558e+03	   5.0301111e+02	  -1.0002353e+00	
   5.1210000e+05	   4.5263899e+03	   5.1107206e+02	  -1.0043554e+00	
   5.1300000e+05	   4.5062974e+03	   5.1816735e+02	  -1.0091388e+00	
   5.1390000e+05	   4.4858877e+03	   5.2357281e+02	  -1.0145526e+00	
   5.1480000e+05	   4.4648176e+03	   5.2648144e+02	  -1.0205273e+00	
   5.1570000e+05	   4.4417577e+03	   5.2749216e+02	  -1.0266237e+00	
   5.1660000e+05	   4.4145342e+03	   5.2821681e+02	  -1.0321013e+00	
   5.1750000e+05	   4.3834864e+03	   5.2816988e+02	  -1.0370126e+00	
   5.1840000e+05	   4.3512598e+03	   5.2574512e+02	  -1.0421364e+00	
   5.1930000e+05	   4.3192987e+03	   5.2085530e+02	  -1.0478296e+00	
   5.2020000e+05	   4.2873972e+03	   5.1443846e+02	  -1.0539381e+00	
   5.2110000e+05	   4.2551465e+03	   5.0733788e+02	  -1.0602363e+00	
   5.2200000e+05	   4.2222078e+03	   5.0046823e+02	  -1.0665250e+00	
   5.2290000e+05	   4.1883773e+03	   4.9471366e+02	  -1.0726155e+00	
   5.2380000e+05	   4.1537247e+03	   4.9064098e+02	  -1.0782782e+00	
   5.2470000e+05	   4.1181607e+03	   4.8838748e+02	  -1.0834042e+00	
   5.2560000e+05	   4.0814918e+03	   4.8776933e+02	  -1.0880086e+00	
   5.2650000e+05	   4.0437235e+03	   4.8853198e+02	  -1.0921182e+00	
   5.2740000e+05	   4.0049780e+03	   4.9041776e+02	  -1.0957787e+00	
   5.2830000e+05	   3.9653835e+03	   4.9319218e+02	  -1.0990451e+00	
   5.2920000e+05	   3.9250742e+03	   4.9662709e+02	  -1.1019736e+00	
   5.3010000e+05	   3.8841891e+03	   5.0049856e+02	  -1.1046214e+00	
   5.3100000e+05	   3.8428718e+03	   5.0458543e+02	  -1.1070477e+00	
   5.3190000e+05	   3.8012701e+03	   5.0866852e+02	  -1.1093135e+00	
   5.3280000e+05	   3.7595362e+03	   5.1253038e+02	  -1.1114823e+00	
   5.3370000e+05	   3.7178277e+03	   5.1595586e+02	  -1.1136197e+00	
   5.3460000e+05	   3.6763055e+03	   5.1872326e+02	  -1.1157916e+00	
   5.3550000e+05	   3.6351114e+03	   5.2051120e+02	  -1.1180481e+00	
   5.3640000e+05	   3.5943801e+03	   5.2093991e+02	  -1.1204287e+00	
   5.3730000e+05	   3.5542570e+03	   5.1963166e+02	  -1.1229710e+00	
   5.3820000e+05	   3.5149004e+03	   5.1621391e+02	  -1.1257092e+00	
   5.3910000e+05	   3.4764970e+03	   5.1033502e+02	  -1.1286757e+00	
   5.4000000e+05	   3.4394440e+03	   5.0184862e+02	  -1.1319230e+00	
   5.4090000e+05	   3.4044224e+03	   4.9122176e+02	  -1.1352963e+00	
   5.4180000e+05	   3.3720248e+03	   4.7934232e+02	  -1.1384079e+00	
   5.4270000e+05	   3.3426900e+03	   4.6716087e+02	  -1.1408183e+00	
   5.4360000e+05	   3.3171149e+03	   4.5571757e+02	  -1.1420737e+00	
   5.4450000e+05	   3.2961061e+03	   4.4618609e+02	  -1.1417168e+00	
   5.4540000e+05	   3.2801050e+03	   4.3980064e+02	  -1.1392935e+00	
   5.4630000e+05	   3.2690848e+03	   4.3724588e+02	  -1.1346585e+00	
   5.4720000e+05	   3.2628024e+03	   4.3873007e+02	  -1.1279364e+00	
