   0.0000000e+00	   7.1598758e+02	   3.0377661e+02	   9.7554981e-01	
   9.0000000e+02	   7.3361067e+02	   2.8690719e+02	   9.8461772e-01	
   1.8000000e+03	   7.4690523e+02	   2.7624946e+02	   9.9483642e-01	
   2.7000000e+03	   7.5763780e+02	   2.7295330e+02	   1.0051826e+00	
   3.6000000e+03	   7.6859743e+02	   2.7528222e+02	   1.0152239e+00	
   4.5000000e+03	   7.8187053e+02	   2.7894426e+02	   1.0268270e+00	
   5.4000000e+03	   7.9525641e+02	   2.8099754e+02	   1.0374343e+00	
   6.3000000e+03	   8.0596274e+02	   2.8139533e+02	   1.0398192e+00	
   7.2000000e+03	   8.1518943e+02	   2.8404892e+02	   1.0328871e+00	
   8.1000000e+03	   8.2563933e+02	   2.9303969e+02	   1.0239517e+00	
   9.0000000e+03	   8.3621757e+02	   3.0605170e+02	   1.0219437e+00	
   9.9000000e+03	   8.4523485e+02	   3.1774510e+02	   1.0304100e+00	
   1.0800000e+04	   8.5438100e+02	   3.2663306e+02	   1.0454731e+00	
   1.1700000e+04	   8.6333443e+02	   3.3382445e+02	   1.0590129e+00	
   1.2600000e+04	   8.6628217e+02	   3.3816427e+02	   1.0646387e+00	
   1.3500000e+04	   8.6202531e+02	   3.3730761e+02	   1.0625643e+00	
   1.4400000e+04	   8.5893886e+02	   3.3466545e+02	   1.0579921e+00	
   1.5300000e+04	   8.6236854e+02	   3.3564229e+02	   1.0539873e+00	
   1.6200000e+04	   8.7327370e+02	   3.3824448e+02	   1.0509757e+00	
   1.7100000e+04	   8.9129118e+02	   3.3795445e+02	   1.0532236e+00	
   1.8000000e+04	   9.1080076e+02	   3.3479555e+02	   1.0654801e+00	
   1.8900000e+04	   9.2514697e+02	   3.2944189e+02	   1.0874382e+00	
   1.9800000e+04	   9.3125380e+02	   3.2041812e+02	   1.1162158e+00	
   2.0700000e+04	   9.3194394e+02	   3.0571918e+02	   1.1458199e+00	
   2.1600000e+04	   9.3510076e+02	   2.8537545e+02	   1.1670582e+00	
   2.2500000e+04	   9.4827037e+02	   2.6413617e+02	   1.1754142e+00	
   2.3400000e+04	   9.7537386e+02	   2.4602168e+02	   1.1726422e+00	
   2.4300000e+04	   1.0131593e+03	   2.2958915e+02	   1.1689964e+00	
   2.5200000e+04	   1.0530078e+03	   2.1445040e+02	   1.1775867e+00	
   2.6100000e+04	   1.0886018e+03	   2.0703689e+02	   1.1953957e+00	
   2.7000000e+04	   1.1165484e+03	   2.0835015e+02	   1.2065055e+00	
   2.7900000e+04	   1.1395355e+03	   2.1482159e+02	   1.2076146e+00	
   2.8800000e+04	   1.1635076e+03	   2.2096665e+02	   1.2101995e+00	
   2.9700000e+04	   1.1888917e+03	   2.1982450e+02	   1.2201079e+00	
   3.0600000e+04	   1.2157460e+03	   2.1240205e+02	   1.2320536e+00	
   3.1500000e+04	   1.2447209e+03	   2.0408580e+02	   1.2407016e+00	
   3.2400000e+04	   1.2729248e+03	   1.9659008e+02	   1.2485411e+00	
   3.3300000e+04	   1.2990966e+03	   1.8804056e+02	   1.2600868e+00	
   3.4200000e+04	   1.3251382e+03	   1.7975937e+02	   1.2740507e+00	
   3.5100000e+04	   1.3505426e+03	   1.7634872e+02	   1.2854266e+00	
   3.6000000e+04	   1.3732469e+03	   1.7671386e+02	   1.2913211e+00	
   3.6900000e+04	   1.3921747e+03	   1.7518401e+02	   1.2938629e+00	
   3.7800000e+04	   1.4079436e+03	   1.6930342e+02	   1.2974408e+00	
   3.8700000e+04	   1.4240686e+03	   1.5914894e+02	   1.3033946e+00	
   3.9600000e+04	   1.4453289e+03	   1.4658322e+02	   1.3102398e+00	
   4.0500000e+04	   1.4732777e+03	   1.3454602e+02	   1.3179974e+00	
   4.1400000e+04	   1.5038291e+03	   1.2512349e+02	   1.3291305e+00	
   4.2300000e+04	   1.5329256e+03	   1.1982536e+02	   1.3437124e+00	
   4.3200000e+04	   1.5617471e+03	   1.1814979e+02	   1.3581505e+00	
   4.4100000e+04	   1.5924804e+03	   1.1771460e+02	   1.3703456e+00	
   4.5000000e+04	   1.6251766e+03	   1.1799110e+02	   1.3801997e+00	
   4.5900000e+04	   1.6591556e+03	   1.2076397e+02	   1.3871533e+00	
   4.6800000e+04	   1.6918115e+03	   1.2702080e+02	   1.3904477e+00	
   4.7700000e+04	   1.7202934e+03	   1.3648645e+02	   1.3906433e+00	
   4.8600000e+04	   1.7456128e+03	   1.4804176e+02	   1.3899604e+00	
   4.9500000e+04	   1.7704084e+03	   1.6117330e+02	   1.3892281e+00	
   5.0400000e+04	   1.7948464e+03	   1.7504452e+02	   1.3879013e+00	
   5.1300000e+04	   1.8172600e+03	   1.8673747e+02	   1.3864891e+00	
   5.2200000e+04	   1.8375923e+03	   1.9445418e+02	   1.3861145e+00	
   5.3100000e+04	   1.8591102e+03	   1.9771285e+02	   1.3870897e+00	
   5.4000000e+04	   1.8871086e+03	   1.9823368e+02	   1.3877447e+00	
   5.4900000e+04	   1.9242636e+03	   1.9914116e+02	   1.3862790e+00	
   5.5800000e+04	   1.9675317e+03	   2.0032796e+02	   1.3837591e+00	
   5.6700000e+04	   2.0102582e+03	   1.9913890e+02	   1.3822763e+00	
   5.7600000e+04	   2.0470475e+03	   1.9651845e+02	   1.3823740e+00	
   5.8500000e+04	   2.0784173e+03	   1.9437645e+02	   1.3843066e+00	
   5.9400000e+04	   2.1093247e+03	   1.9062004e+02	   1.3879678e+00	
   6.0300000e+04	   2.1413343e+03	   1.8252888e+02	   1.3923435e+00	
   6.1200000e+04	   2.1713995e+03	   1.7242508e+02	   1.3969123e+00	
   6.2100000e+04	   2.1977046e+03	   1.6444779e+02	   1.4019067e+00	
   6.3000000e+04	   2.2197971e+03	   1.5980821e+02	   1.4077803e+00	
   6.3900000e+04	   2.2377459e+03	   1.5814626e+02	   1.4150783e+00	
   6.4800000e+04	   2.2549865e+03	   1.5824869e+02	   1.4241309e+00	
   6.5700000e+04	   2.2761816e+03	   1.5850004e+02	   1.4342578e+00	
   6.6600000e+04	   2.3034847e+03	   1.6005270e+02	   1.4421467e+00	
   6.7500000e+04	   2.3375794e+03	   1.6563819e+02	   1.4443925e+00	
   6.8400000e+04	   2.3777316e+03	   1.7567504e+02	   1.4427461e+00	
   6.9300000e+04	   2.4212645e+03	   1.8763820e+02	   1.4411981e+00	
   7.0200000e+04	   2.4661613e+03	   1.9873168e+02	   1.4402842e+00	
   7.1100000e+04	   2.5104749e+03	   2.0760558e+02	   1.4383761e+00	
   7.2000000e+04	   2.5508737e+03	   2.1584557e+02	   1.4355779e+00	
   7.2900000e+04	   2.5857821e+03	   2.2474908e+02	   1.4339446e+00	
   7.3800000e+04	   2.6129374e+03	   2.3204051e+02	   1.4337761e+00	
   7.4700000e+04	   2.6278840e+03	   2.3476350e+02	   1.4334727e+00	
   7.5600000e+04	   2.6318673e+03	   2.3532915e+02	   1.4332684e+00	
   7.6500000e+04	   2.6314575e+03	   2.3823400e+02	   1.4349222e+00	
   7.7400000e+04	   2.6317852e+03	   2.4442929e+02	   1.4394040e+00	
   7.8300000e+04	   2.6346092e+03	   2.5295519e+02	   1.4463009e+00	
   7.9200000e+04	   2.6403789e+03	   2.6282362e+02	   1.4543798e+00	
   8.0100000e+04	   2.6490161e+03	   2.7317141e+02	   1.4625492e+00	
   8.1000000e+04	   2.6600214e+03	   2.8325295e+02	   1.4700047e+00	
   8.1900000e+04	   2.6747433e+03	   2.9245086e+02	   1.4765326e+00	
   8.2800000e+04	   2.6954775e+03	   2.9995311e+02	   1.4821351e+00	
   8.3700000e+04	   2.7220062e+03	   3.0408289e+02	   1.4865195e+00	
   8.4600000e+04	   2.7521529e+03	   3.0552002e+02	   1.4899763e+00	
   8.5500000e+04	   2.7845988e+03	   3.0607310e+02	   1.4937487e+00	
   8.6400000e+04	   2.8194461e+03	   3.0601587e+02	   1.4996020e+00	
   8.7300000e+04	   2.8550137e+03	   3.0582697e+02	   1.5075490e+00	
   8.8200000e+04	   2.8857082e+03	   3.0709646e+02	   1.5158457e+00	
   8.9100000e+04	   2.9076359e+03	   3.1084426e+02	   1.5233186e+00	
   9.0000000e+04	   2.9233125e+03	   3.1612490e+02	   1.5298307e+00	
   9.0900000e+04	   2.9354141e+03	   3.2121332e+02	   1.5362316e+00	
   9.1800000e+04	   2.9407442e+03	   3.2542525e+02	   1.5441152e+00	
   9.2700000e+04	   2.9371584e+03	   3.2886833e+02	   1.5548634e+00	
   9.3600000e+04	   2.9315121e+03	   3.3179097e+02	   1.5689953e+00	
   9.4500000e+04	   2.9332691e+03	   3.3427128e+02	  -1.5566007e+00	
   9.5400000e+04	   2.9472204e+03	   3.3563297e+02	  -1.5419642e+00	
   9.6300000e+04	   2.9730483e+03	   3.3523865e+02	  -1.5305359e+00	
   9.7200000e+04	   3.0061382e+03	   3.3584665e+02	  -1.5220786e+00	
   9.8100000e+04	   3.0422309e+03	   3.4107367e+02	  -1.5145597e+00	
   9.9000000e+04	   3.0809901e+03	   3.4928401e+02	  -1.5050256e+00	
   9.9900000e+04	   3.1203249e+03	   3.5667669e+02	  -1.4942014e+00	
   1.0080000e+05	   3.1546708e+03	   3.6064741e+02	  -1.4854862e+00	
   1.0170000e+05	   3.1823589e+03	   3.6103367e+02	  -1.4782665e+00	
   1.0260000e+05	   3.2067080e+03	   3.5781122e+02	  -1.4692145e+00	
   1.0350000e+05	   3.2326652e+03	   3.5081465e+02	  -1.4580502e+00	
   1.0440000e+05	   3.2611594e+03	   3.4184467e+02	  -1.4469223e+00	
   1.0530000e+05	   3.2856107e+03	   3.3297170e+02	  -1.4373362e+00	
   1.0620000e+05	   3.3018861e+03	   3.2542921e+02	  -1.4296267e+00	
   1.0710000e+05	   3.3141084e+03	   3.1946985e+02	  -1.4232841e+00	
   1.0800000e+05	   3.3272351e+03	   3.1445415e+02	  -1.4175779e+00	
   1.0890000e+05	   3.3408724e+03	   3.0979505e+02	  -1.4122641e+00	
   1.0980000e+05	   3.3527816e+03	   3.0530955e+02	  -1.4074859e+00	
   1.1070000e+05	   3.3630867e+03	   3.0104751e+02	  -1.4034525e+00	
   1.1160000e+05	   3.3731195e+03	   2.9816827e+02	  -1.4003339e+00	
   1.1250000e+05	   3.3838617e+03	   2.9829590e+02	  -1.3981515e+00	
   1.1340000e+05	   3.3954461e+03	   3.0032505e+02	  -1.3965956e+00	
   1.1430000e+05	   3.4076935e+03	   3.0168654e+02	  -1.3950828e+00	
   1.1520000e+05	   3.4197180e+03	   3.0180354e+02	  -1.3926569e+00	
   1.1610000e+05	   3.4300720e+03	   3.0102679e+02	  -1.3888433e+00	
   1.1700000e+05	   3.4385058e+03	   2.9905528e+02	  -1.3842529e+00	
   1.1790000e+05	   3.4426232e+03	   2.9460382e+02	  -1.3792396e+00	
   1.1880000e+05	   3.4379733e+03	   2.8735880e+02	  -1.3729444e+00	
   1.1970000e+05	   3.4265884e+03	   2.7871392e+02	  -1.3645485e+00	
   1.2060000e+05	   3.4154885e+03	   2.7039914e+02	  -1.3550385e+00	
   1.2150000e+05	   3.4082104e+03	   2.6453527e+02	  -1.3462741e+00	
   1.2240000e+05	   3.4057021e+03	   2.6346200e+02	  -1.3387168e+00	
   1.2330000e+05	   3.4064616e+03	   2.6642952e+02	  -1.3315269e+00	
   1.2420000e+05	   3.4063527e+03	   2.6999177e+02	  -1.3244509e+00	
   1.2510000e+05	   3.4052874e+03	   2.7237084e+02	  -1.3178980e+00	
   1.2600000e+05	   3.4097797e+03	   2.7399042e+02	  -1.3117512e+00	
   1.2690000e+05	   3.4236523e+03	   2.7529036e+02	  -1.3057297e+00	
   1.2780000e+05	   3.4416141e+03	   2.7617786e+02	  -1.2997939e+00	
   1.2870000e+05	   3.4558168e+03	   2.7704286e+02	  -1.2937590e+00	
   1.2960000e+05	   3.4636863e+03	   2.8025276e+02	  -1.2871795e+00	
   1.3050000e+05	   3.4700225e+03	   2.8703112e+02	  -1.2799196e+00	
   1.3140000e+05	   3.4803679e+03	   2.9432560e+02	  -1.2726494e+00	
   1.3230000e+05	   3.4939256e+03	   2.9938198e+02	  -1.2661891e+00	
   1.3320000e+05	   3.5073350e+03	   3.0289974e+02	  -1.2607849e+00	
   1.3410000e+05	   3.5179974e+03	   3.0583880e+02	  -1.2559059e+00	
   1.3500000e+05	   3.5252015e+03	   3.1003867e+02	  -1.2500466e+00	
   1.3590000e+05	   3.5324484e+03	   3.1721073e+02	  -1.2418604e+00	
   1.3680000e+05	   3.5442086e+03	   3.2486078e+02	  -1.2317386e+00	
   1.3770000e+05	   3.5610046e+03	   3.2947942e+02	  -1.2208541e+00	
   1.3860000e+05	   3.5796586e+03	   3.3175427e+02	  -1.2099426e+00	
   1.3950000e+05	   3.5978721e+03	   3.3463442e+02	  -1.1992793e+00	
   1.4040000e+05	   3.6163435e+03	   3.4252239e+02	  -1.1878896e+00	
   1.4130000e+05	   3.6352762e+03	   3.5792003e+02	  -1.1745458e+00	
   1.4220000e+05	   3.6509924e+03	   3.7252500e+02	  -1.1616865e+00	
   1.4310000e+05	   3.6609227e+03	   3.7544071e+02	  -1.1529636e+00	
   1.4400000e+05	   3.6712528e+03	   3.7235506e+02	  -1.1471295e+00	
   1.4490000e+05	   3.6904946e+03	   3.7453816e+02	  -1.1409755e+00	
   1.4580000e+05	   3.7174214e+03	   3.8078177e+02	  -1.1339709e+00	
   1.4670000e+05	   3.7438308e+03	   3.8494399e+02	  -1.1268751e+00	
   1.4760000e+05	   3.7656221e+03	   3.8751456e+02	  -1.1199584e+00	
   1.4850000e+05	   3.7850143e+03	   3.9236639e+02	  -1.1134836e+00	
   1.4940000e+05	   3.8042992e+03	   4.0017599e+02	  -1.1075242e+00	
   1.5030000e+05	   3.8219891e+03	   4.0884671e+02	  -1.1011850e+00	
   1.5120000e+05	   3.8363343e+03	   4.1699754e+02	  -1.0937323e+00	
   1.5210000e+05	   3.8475642e+03	   4.2482644e+02	  -1.0854467e+00	
   1.5300000e+05	   3.8553872e+03	   4.3155992e+02	  -1.0766024e+00	
   1.5390000e+05	   3.8618381e+03	   4.3508419e+02	  -1.0672037e+00	
   1.5480000e+05	   3.8724954e+03	   4.3512665e+02	  -1.0576402e+00	
   1.5570000e+05	   3.8884929e+03	   4.3365196e+02	  -1.0484252e+00	
   1.5660000e+05	   3.9055152e+03	   4.3169458e+02	  -1.0397384e+00	
   1.5750000e+05	   3.9215766e+03	   4.2905851e+02	  -1.0318651e+00	
   1.5840000e+05	   3.9386655e+03	   4.2664335e+02	  -1.0255793e+00	
   1.5930000e+05	   3.9572722e+03	   4.2489556e+02	  -1.0206919e+00	
   1.6020000e+05	   3.9755998e+03	   4.2319312e+02	  -1.0157518e+00	
   1.6110000e+05	   3.9945252e+03	   4.2119948e+02	  -1.0098698e+00	
   1.6200000e+05	   4.0153759e+03	   4.1876602e+02	  -1.0032927e+00	
   1.6290000e+05	   4.0357458e+03	   4.1626712e+02	  -9.9716213e-01	
   1.6380000e+05	   4.0533012e+03	   4.1196953e+02	  -9.9238140e-01	
   1.6470000e+05	   4.0683230e+03	   4.0295332e+02	  -9.8844889e-01	
   1.6560000e+05	   4.0813986e+03	   3.9170130e+02	  -9.8451306e-01	
   1.6650000e+05	   4.0932392e+03	   3.8404099e+02	  -9.8084271e-01	
   1.6740000e+05	   4.1063624e+03	   3.8181622e+02	  -9.7809071e-01	
   1.6830000e+05	   4.1224225e+03	   3.8238517e+02	  -9.7560040e-01	
   1.6920000e+05	   4.1411289e+03	   3.8429306e+02	  -9.7256953e-01	
   1.7010000e+05	   4.1621206e+03	   3.8907549e+02	  -9.6961912e-01	
   1.7100000e+05	   4.1822947e+03	   3.9503453e+02	  -9.6719267e-01	
   1.7190000e+05	   4.1979791e+03	   3.9789157e+02	  -9.6479318e-01	
   1.7280000e+05	   4.2103324e+03	   3.9581362e+02	  -9.6223143e-01	
   1.7370000e+05	   4.2227345e+03	   3.8822249e+02	  -9.5988340e-01	
   1.7460000e+05	   4.2360007e+03	   3.7787916e+02	  -9.5805249e-01	
   1.7550000e+05	   4.2482257e+03	   3.6990592e+02	  -9.5705557e-01	
   1.7640000e+05	   4.2584139e+03	   3.6485962e+02	  -9.5742699e-01	
   1.7730000e+05	   4.2665513e+03	   3.6034508e+02	  -9.5881144e-01	
   1.7820000e+05	   4.2714885e+03	   3.5534493e+02	  -9.5987005e-01	
   1.7910000e+05	   4.2742693e+03	   3.4832102e+02	  -9.6013640e-01	
   1.8000000e+05	   4.2784258e+03	   3.3999511e+02	  -9.6002752e-01	
   1.8090000e+05	   4.2845324e+03	   3.3269872e+02	  -9.5942068e-01	
   1.8180000e+05	   4.2912363e+03	   3.2733310e+02	  -9.5812355e-01	
   1.8270000e+05	   4.2955616e+03	   3.2381330e+02	  -9.5681370e-01	
   1.8360000e+05	   4.2931667e+03	   3.2184355e+02	  -9.5652595e-01	
   1.8450000e+05	   4.2848522e+03	   3.2110957e+02	  -9.5653195e-01	
   1.8540000e+05	   4.2746644e+03	   3.2094690e+02	  -9.5481610e-01	
   1.8630000e+05	   4.2648061e+03	   3.1744188e+02	  -9.5078344e-01	
   1.8720000e+05	   4.2576009e+03	   3.0859654e+02	  -9.4548143e-01	
   1.8810000e+05	   4.2561443e+03	   2.9668740e+02	  -9.4007421e-01	
   1.8900000e+05	   4.2614613e+03	   2.8348460e+02	  -9.3527492e-01	
   1.8990000e+05	   4.2712654e+03	   2.6874088e+02	  -9.3079957e-01	
   1.9080000e+05	   4.2835288e+03	   2.5508089e+02	  -9.2544029e-01	
   1.9170000e+05	   4.2994612e+03	   2.4659992e+02	  -9.1960034e-01	
   1.9260000e+05	   4.3190374e+03	   2.4237427e+02	  -9.1533553e-01	
   1.9350000e+05	   4.3395697e+03	   2.3943670e+02	  -9.1285692e-01	
   1.9440000e+05	   4.3613588e+03	   2.3802415e+02	  -9.1015906e-01	
   1.9530000e+05	   4.3862141e+03	   2.3832336e+02	  -9.0587428e-01	
   1.9620000e+05	   4.4117995e+03	   2.3851278e+02	  -9.0103489e-01	
   1.9710000e+05	   4.4340156e+03	   2.3762945e+02	  -8.9791044e-01	
   1.9800000e+05	   4.4514861e+03	   2.3654783e+02	  -8.9731175e-01	
   1.9890000e+05	   4.4650218e+03	   2.3710892e+02	  -8.9821629e-01	
   1.9980000e+05	   4.4758408e+03	   2.4042300e+02	  -8.9907968e-01	
   2.0070000e+05	   4.4843742e+03	   2.4513070e+02	  -8.9891395e-01	
   2.0160000e+05	   4.4893965e+03	   2.4939038e+02	  -8.9789681e-01	
   2.0250000e+05	   4.4908568e+03	   2.5293943e+02	  -8.9658457e-01	
   2.0340000e+05	   4.4911625e+03	   2.5702532e+02	  -8.9515757e-01	
   2.0430000e+05	   4.4909924e+03	   2.6292293e+02	  -8.9413915e-01	
   2.0520000e+05	   4.4887001e+03	   2.6941018e+02	  -8.9390497e-01	
   2.0610000e+05	   4.4840562e+03	   2.7423928e+02	  -8.9405020e-01	
   2.0700000e+05	   4.4806947e+03	   2.7762368e+02	  -8.9438756e-01	
   2.0790000e+05	   4.4820706e+03	   2.8012868e+02	  -8.9488779e-01	
   2.0880000e+05	   4.4874231e+03	   2.8089727e+02	  -8.9489333e-01	
   2.0970000e+05	   4.4947028e+03	   2.7890149e+02	  -8.9392619e-01	
   2.1060000e+05	   4.5054851e+03	   2.7466598e+02	  -8.9249438e-01	
   2.1150000e+05	   4.5230399e+03	   2.6976107e+02	  -8.9097477e-01	
   2.1240000e+05	   4.5447859e+03	   2.6856419e+02	  -8.8944555e-01	
   2.1330000e+05	   4.5664358e+03	   2.7488114e+02	  -8.8818043e-01	
   2.1420000e+05	   4.5899101e+03	   2.8340266e+02	  -8.8729142e-01	
   2.1510000e+05	   4.6184240e+03	   2.8710820e+02	  -8.8673499e-01	
   2.1600000e+05	   4.6513057e+03	   2.8604412e+02	  -8.8661634e-01	
   2.1690000e+05	   4.6857466e+03	   2.8312475e+02	  -8.8692877e-01	
   2.1780000e+05	   4.7206914e+03	   2.8056965e+02	  -8.8716501e-01	
   2.1870000e+05	   4.7574099e+03	   2.7912658e+02	  -8.8705683e-01	
   2.1960000e+05	   4.7960381e+03	   2.7973220e+02	  -8.8728239e-01	
   2.2050000e+05	   4.8352739e+03	   2.8345640e+02	  -8.8876118e-01	
   2.2140000e+05	   4.8743889e+03	   2.8842743e+02	  -8.9176467e-01	
   2.2230000e+05	   4.9114473e+03	   2.9192251e+02	  -8.9579931e-01	
   2.2320000e+05	   4.9426110e+03	   2.9426264e+02	  -9.0034710e-01	
   2.2410000e+05	   4.9668176e+03	   2.9734480e+02	  -9.0524851e-01	
   2.2500000e+05	   4.9865856e+03	   3.0191627e+02	  -9.1027695e-01	
   2.2590000e+05	   5.0036830e+03	   3.0765968e+02	  -9.1524070e-01	
   2.2680000e+05	   5.0175619e+03	   3.1433563e+02	  -9.2023356e-01	
   2.2770000e+05	   5.0266697e+03	   3.2176386e+02	  -9.2561078e-01	
   2.2860000e+05	   5.0293572e+03	   3.2996948e+02	  -9.3180529e-01	
   2.2950000e+05	   5.0250670e+03	   3.3896353e+02	  -9.3917529e-01	
   2.3040000e+05	   5.0174686e+03	   3.4666360e+02	  -9.4765700e-01	
   2.3130000e+05	   5.0114211e+03	   3.5094531e+02	  -9.5634515e-01	
   2.3220000e+05	   5.0051278e+03	   3.5374526e+02	  -9.6423084e-01	
   2.3310000e+05	   4.9939626e+03	   3.5841510e+02	  -9.7088005e-01	
   2.3400000e+05	   4.9785750e+03	   3.6597663e+02	  -9.7624678e-01	
   2.3490000e+05	   4.9611097e+03	   3.7573131e+02	  -9.8071640e-01	
   2.3580000e+05	   4.9423249e+03	   3.8725172e+02	  -9.8475460e-01	
   2.3670000e+05	   4.9248815e+03	   3.9988482e+02	  -9.8881029e-01	
   2.3760000e+05	   4.9112700e+03	   4.1265883e+02	  -9.9334268e-01	
   2.3850000e+05	   4.9007556e+03	   4.2621027e+02	  -9.9851227e-01	
   2.3940000e+05	   4.8923933e+03	   4.4002575e+02	  -1.0040879e+00	
   2.4030000e+05	   4.8862745e+03	   4.5056948e+02	  -1.0094808e+00	
   2.4120000e+05	   4.8826093e+03	   4.5587051e+02	  -1.0142693e+00	
   2.4210000e+05	   4.8825961e+03	   4.5728864e+02	  -1.0183841e+00	
   2.4300000e+05	   4.8866279e+03	   4.5835201e+02	  -1.0219526e+00	
   2.4390000e+05	   4.8932702e+03	   4.6200832e+02	  -1.0252669e+00	
   2.4480000e+05	   4.9022536e+03	   4.6782261e+02	  -1.0284991e+00	
   2.4570000e+05	   4.9151017e+03	   4.7442582e+02	  -1.0314402e+00	
   2.4660000e+05	   4.9323884e+03	   4.8332758e+02	  -1.0337724e+00	
   2.4750000e+05	   4.9526463e+03	   4.9555483e+02	  -1.0356304e+00	
   2.4840000e+05	   4.9733807e+03	   5.0856686e+02	  -1.0376823e+00	
   2.4930000e+05	   4.9940391e+03	   5.2048383e+02	  -1.0405442e+00	
   2.5020000e+05	   5.0158577e+03	   5.3172849e+02	  -1.0443514e+00	
   2.5110000e+05	   5.0385302e+03	   5.4231048e+02	  -1.0488916e+00	
   2.5200000e+05	   5.0599486e+03	   5.5213735e+02	  -1.0538045e+00	
   2.5290000e+05	   5.0770478e+03	   5.6108230e+02	  -1.0588340e+00	
   2.5380000e+05	   5.0876039e+03	   5.6790345e+02	  -1.0640999e+00	
   2.5470000e+05	   5.0918426e+03	   5.7219066e+02	  -1.0697448e+00	
   2.5560000e+05	   5.0905970e+03	   5.7459508e+02	  -1.0756394e+00	
   2.5650000e+05	   5.0836910e+03	   5.7554827e+02	  -1.0816468e+00	
   2.5740000e+05	   5.0712231e+03	   5.7576596e+02	  -1.0875781e+00	
   2.5830000e+05	   5.0552037e+03	   5.7410859e+02	  -1.0933446e+00	
   2.5920000e+05	   5.0380809e+03	   5.6792841e+02	  -1.0989833e+00	
   2.6010000e+05	   5.0201917e+03	   5.5791165e+02	  -1.1043178e+00	
   2.6100000e+05	   5.0012236e+03	   5.4744786e+02	  -1.1091589e+00	
   2.6190000e+05	   4.9816542e+03	   5.3729743e+02	  -1.1135463e+00	
   2.6280000e+05	   4.9624197e+03	   5.2589316e+02	  -1.1176431e+00	
   2.6370000e+05	   4.9455284e+03	   5.1328807e+02	  -1.1213257e+00	
   2.6460000e+05	   4.9338573e+03	   5.0096700e+02	  -1.1241733e+00	
   2.6550000e+05	   4.9289884e+03	   4.9042971e+02	  -1.1259060e+00	
   2.6640000e+05	   4.9312042e+03	   4.8179830e+02	  -1.1267997e+00	
   2.6730000e+05	   4.9375935e+03	   4.7128227e+02	  -1.1281221e+00	
   2.6820000e+05	   4.9417435e+03	   4.5401555e+02	  -1.1311878e+00	
   2.6910000e+05	   4.9435825e+03	   4.3413773e+02	  -1.1349217e+00	
   2.7000000e+05	   4.9493056e+03	   4.2433837e+02	  -1.1366498e+00	
   2.7090000e+05	   4.9564185e+03	   4.2590805e+02	  -1.1366913e+00	
   2.7180000e+05	   4.9556442e+03	   4.2589233e+02	  -1.1388080e+00	
   2.7270000e+05	   4.9462913e+03	   4.1847334e+02	  -1.1444069e+00	
   2.7360000e+05	   4.9358378e+03	   4.1032333e+02	  -1.1505633e+00	
   2.7450000e+05	   4.9281813e+03	   4.0594547e+02	  -1.1550285e+00	
   2.7540000e+05	   4.9221936e+03	   4.0388814e+02	  -1.1581169e+00	
   2.7630000e+05	   4.9194865e+03	   4.0249700e+02	  -1.1603487e+00	
   2.7720000e+05	   4.9250534e+03	   4.0570545e+02	  -1.1618984e+00	
   2.7810000e+05	   4.9382764e+03	   4.1848116e+02	  -1.1628658e+00	
   2.7900000e+05	   4.9505579e+03	   4.3862005e+02	  -1.1632372e+00	
   2.7990000e+05	   4.9585612e+03	   4.6029466e+02	  -1.1630559e+00	
   2.8080000e+05	   4.9682914e+03	   4.7979930e+02	  -1.1624839e+00	
   2.8170000e+05	   4.9808899e+03	   4.9552531e+02	  -1.1616696e+00	
   2.8260000e+05	   4.9919330e+03	   5.0834402e+02	  -1.1608063e+00	
   2.8350000e+05	   5.0009226e+03	   5.1989935e+02	  -1.1600580e+00	
   2.8440000e+05	   5.0092526e+03	   5.2927128e+02	  -1.1597818e+00	
   2.8530000e+05	   5.0166615e+03	   5.3529090e+02	  -1.1603996e+00	
   2.8620000e+05	   5.0233913e+03	   5.3888710e+02	  -1.1613228e+00	
   2.8710000e+05	   5.0301623e+03	   5.4087671e+02	  -1.1617677e+00	
   2.8800000e+05	   5.0372337e+03	   5.4193219e+02	  -1.1619897e+00	
   2.8890000e+05	   5.0446441e+03	   5.4286227e+02	  -1.1623263e+00	
   2.8980000e+05	   5.0528543e+03	   5.4375243e+02	  -1.1626680e+00	
   2.9070000e+05	   5.0627681e+03	   5.4420215e+02	  -1.1631160e+00	
   2.9160000e+05	   5.0748208e+03	   5.4353141e+02	  -1.1637775e+00	
   2.9250000e+05	   5.0899968e+03	   5.4046044e+02	  -1.1646502e+00	
   2.9340000e+05	   5.1056910e+03	   5.3473748e+02	  -1.1661608e+00	
   2.9430000e+05	   5.1154584e+03	   5.2782271e+02	  -1.1688223e+00	
   2.9520000e+05	   5.1184050e+03	   5.2002694e+02	  -1.1723222e+00	
   2.9610000e+05	   5.1182330e+03	   5.1037391e+02	  -1.1759884e+00	
   2.9700000e+05	   5.1161508e+03	   4.9976773e+02	  -1.1800391e+00	
   2.9790000e+05	   5.1102910e+03	   4.9168641e+02	  -1.1847849e+00	
   2.9880000e+05	   5.0996373e+03	   4.8968674e+02	  -1.1895099e+00	
   2.9970000e+05	   5.0884421e+03	   4.9117189e+02	  -1.1935781e+00	
   3.0060000e+05	   5.0821817e+03	   4.8907832e+02	  -1.1970809e+00	
   3.0150000e+05	   5.0807375e+03	   4.8151495e+02	  -1.2000474e+00	
   3.0240000e+05	   5.0809903e+03	   4.7229279e+02	  -1.2025115e+00	
   3.0330000e+05	   5.0822841e+03	   4.6239159e+02	  -1.2044931e+00	
   3.0420000e+05	   5.0841788e+03	   4.4785587e+02	  -1.2050841e+00	
   3.0510000e+05	   5.0854976e+03	   4.2867257e+02	  -1.2039474e+00	
   3.0600000e+05	   5.0869366e+03	   4.1006101e+02	  -1.2024881e+00	
   3.0690000e+05	   5.0892687e+03	   3.9426457e+02	  -1.2016587e+00	
   3.0780000e+05	   5.0920469e+03	   3.8281831e+02	  -1.2013734e+00	
   3.0870000e+05	   5.0966038e+03	   3.7721087e+02	  -1.2016435e+00	
   3.0960000e+05	   5.1056375e+03	   3.7290666e+02	  -1.2026670e+00	
   3.1050000e+05	   5.1166612e+03	   3.6543473e+02	  -1.2048356e+00	
   3.1140000e+05	   5.1228322e+03	   3.5571764e+02	  -1.2078293e+00	
   3.1230000e+05	   5.1238022e+03	   3.4444646e+02	  -1.2100583e+00	
   3.1320000e+05	   5.1265053e+03	   3.3398794e+02	  -1.2111717e+00	
   3.1410000e+05	   5.1335203e+03	   3.2894654e+02	  -1.2126043e+00	
   3.1500000e+05	   5.1397412e+03	   3.2826373e+02	  -1.2143404e+00	
   3.1590000e+05	   5.1428745e+03	   3.2723087e+02	  -1.2150973e+00	
   3.1680000e+05	   5.1473655e+03	   3.2476254e+02	  -1.2145755e+00	
   3.1770000e+05	   5.1552204e+03	   3.2137193e+02	  -1.2132316e+00	
   3.1860000e+05	   5.1629079e+03	   3.1742243e+02	  -1.2117091e+00	
   3.1950000e+05	   5.1671220e+03	   3.1389411e+02	  -1.2104071e+00	
   3.2040000e+05	   5.1676828e+03	   3.1265788e+02	  -1.2094485e+00	
   3.2130000e+05	   5.1665806e+03	   3.1544914e+02	  -1.2090445e+00	
   3.2220000e+05	   5.1643910e+03	   3.2035949e+02	  -1.2090849e+00	
   3.2310000e+05	   5.1606270e+03	   3.2372766e+02	  -1.2091736e+00	
   3.2400000e+05	   5.1578478e+03	   3.2309625e+02	  -1.2089695e+00	
   3.2490000e+05	   5.1559295e+03	   3.1799467e+02	  -1.2083753e+00	
   3.2580000e+05	   5.1468478e+03	   3.1406266e+02	  -1.2076410e+00	
   3.2670000e+05	   5.1270494e+03	   3.1649678e+02	  -1.2069815e+00	
   3.2760000e+05	   5.1049542e+03	   3.2258782e+02	  -1.2062742e+00	
   3.2850000e+05	   5.0870542e+03	   3.2894762e+02	  -1.2053018e+00	
   3.2940000e+05	   5.0736594e+03	   3.3475053e+02	  -1.2034254e+00	
   3.3030000e+05	   5.0646160e+03	   3.3800052e+02	  -1.1998863e+00	
   3.3120000e+05	   5.0585261e+03	   3.3712690e+02	  -1.1955187e+00	
   3.3210000e+05	   5.0539803e+03	   3.3433195e+02	  -1.1916429e+00	
   3.3300000e+05	   5.0495978e+03	   3.3414818e+02	  -1.1876092e+00	
   3.3390000e+05	   5.0448678e+03	   3.3494950e+02	  -1.1823549e+00	
   3.3480000e+05	   5.0438878e+03	   3.3258203e+02	  -1.1766296e+00	
   3.3570000e+05	   5.0498624e+03	   3.3004451e+02	  -1.1716173e+00	
   3.3660000e+05	   5.0587815e+03	   3.3091475e+02	  -1.1672649e+00	
   3.3750000e+05	   5.0674251e+03	   3.3565402e+02	  -1.1629455e+00	
   3.3840000e+05	   5.0793418e+03	   3.4732911e+02	  -1.1583486e+00	
   3.3930000e+05	   5.0983329e+03	   3.6713994e+02	  -1.1534719e+00	
   3.4020000e+05	   5.1249416e+03	   3.8910962e+02	  -1.1483985e+00	
   3.4110000e+05	   5.1556360e+03	   4.0903766e+02	  -1.1433985e+00	
   3.4200000e+05	   5.1848674e+03	   4.2778455e+02	  -1.1389830e+00	
   3.4290000e+05	   5.2124000e+03	   4.4596124e+02	  -1.1352071e+00	
   3.4380000e+05	   5.2420453e+03	   4.6454619e+02	  -1.1317633e+00	
   3.4470000e+05	   5.2737942e+03	   4.8321159e+02	  -1.1292272e+00	
   3.4560000e+05	   5.3048989e+03	   4.9978568e+02	  -1.1286835e+00	
   3.4650000e+05	   5.3338349e+03	   5.1344931e+02	  -1.1298334e+00	
   3.4740000e+05	   5.3593156e+03	   5.2463350e+02	  -1.1315545e+00	
   3.4830000e+05	   5.3790464e+03	   5.3473380e+02	  -1.1341691e+00	
   3.4920000e+05	   5.3913812e+03	   5.4410908e+02	  -1.1383702e+00	
   3.5010000e+05	   5.3989282e+03	   5.5090387e+02	  -1.1433140e+00	
   3.5100000e+05	   5.4074839e+03	   5.5785030e+02	  -1.1473904e+00	
   3.5190000e+05	   5.4168620e+03	   5.6853058e+02	  -1.1501383e+00	
   3.5280000e+05	   5.4173514e+03	   5.7764240e+02	  -1.1519177e+00	
   3.5370000e+05	   5.4050907e+03	   5.7785891e+02	  -1.1525937e+00	
   3.5460000e+05	   5.3907286e+03	   5.6824971e+02	  -1.1521259e+00	
   3.5550000e+05	   5.3797844e+03	   5.5147917e+02	  -1.1508793e+00	
   3.5640000e+05	   5.3646695e+03	   5.3167085e+02	  -1.1491862e+00	
   3.5730000e+05	   5.3391123e+03	   5.1115092e+02	  -1.1473248e+00	
   3.5820000e+05	   5.3046557e+03	   4.9118106e+02	  -1.1450649e+00	
   3.5910000e+05	   5.2667276e+03	   4.7359221e+02	  -1.1420639e+00	
   3.6000000e+05	   5.2315967e+03	   4.6041828e+02	  -1.1382788e+00	
   3.6090000e+05	   5.2023594e+03	   4.5330592e+02	  -1.1336136e+00	
   3.6180000e+05	   5.1780827e+03	   4.4993339e+02	  -1.1282123e+00	
   3.6270000e+05	   5.1576169e+03	   4.4631529e+02	  -1.1223879e+00	
   3.6360000e+05	   5.1401867e+03	   4.4270266e+02	  -1.1161551e+00	
   3.6450000e+05	   5.1243253e+03	   4.4360664e+02	  -1.1092100e+00	
   3.6540000e+05	   5.1095135e+03	   4.5455129e+02	  -1.1011906e+00	
   3.6630000e+05	   5.0992615e+03	   4.7725759e+02	  -1.0920413e+00	
   3.6720000e+05	   5.0975139e+03	   5.0647949e+02	  -1.0821425e+00	
   3.6810000e+05	   5.1038301e+03	   5.3515155e+02	  -1.0721882e+00	
   3.6900000e+05	   5.1166472e+03	   5.5655608e+02	  -1.0628249e+00	
   3.6990000e+05	   5.1344126e+03	   5.6580093e+02	  -1.0541445e+00	
   3.7080000e+05	   5.1548693e+03	   5.6440352e+02	  -1.0458314e+00	
   3.7170000e+05	   5.1766835e+03	   5.5695260e+02	  -1.0380499e+00	
   3.7260000e+05	   5.1983781e+03	   5.4729993e+02	  -1.0314971e+00	
   3.7350000e+05	   5.2177635e+03	   5.3790480e+02	  -1.0265518e+00	
   3.7440000e+05	   5.2336354e+03	   5.2969267e+02	  -1.0233246e+00	
   3.7530000e+05	   5.2469118e+03	   5.2280638e+02	  -1.0218406e+00	
   3.7620000e+05	   5.2608847e+03	   5.1533538e+02	  -1.0216634e+00	
   3.7710000e+05	   5.2780355e+03	   5.0498650e+02	  -1.0225452e+00	
   3.7800000e+05	   5.2979220e+03	   4.9485560e+02	  -1.0247563e+00	
   3.7890000e+05	   5.3203471e+03	   4.9042704e+02	  -1.0281630e+00	
   3.7980000e+05	   5.3428218e+03	   4.9164939e+02	  -1.0318654e+00	
   3.8070000e+05	   5.3604887e+03	   4.9547597e+02	  -1.0350659e+00	
   3.8160000e+05	   5.3736703e+03	   5.0200003e+02	  -1.0372467e+00	
   3.8250000e+05	   5.3846184e+03	   5.1147244e+02	  -1.0383311e+00	
   3.8340000e+05	   5.3925251e+03	   5.1852494e+02	  -1.0392958e+00	
   3.8430000e+05	   5.3967104e+03	   5.1837979e+02	  -1.0410011e+00	
   3.8520000e+05	   5.3979701e+03	   5.1593727e+02	  -1.0429035e+00	
   3.8610000e+05	   5.3970195e+03	   5.1748754e+02	  -1.0443328e+00	
   3.8700000e+05	   5.3953502e+03	   5.2385066e+02	  -1.0455532e+00	
   3.8790000e+05	   5.3941259e+03	   5.3388467e+02	  -1.0466320e+00	
   3.8880000e+05	   5.3919256e+03	   5.4349197e+02	  -1.0471326e+00	
   3.8970000e+05	   5.3868577e+03	   5.4846389e+02	  -1.0473965e+00	
   3.9060000e+05	   5.3789333e+03	   5.4745101e+02	  -1.0481577e+00	
   3.9150000e+05	   5.3695812e+03	   5.3984408e+02	  -1.0493614e+00	
   3.9240000e+05	   5.3631030e+03	   5.3031760e+02	  -1.0506763e+00	
   3.9330000e+05	   5.3640435e+03	   5.2600368e+02	  -1.0520056e+00	
   3.9420000e+05	   5.3687082e+03	   5.2718644e+02	  -1.0531521e+00	
   3.9510000e+05	   5.3719418e+03	   5.2974840e+02	  -1.0539056e+00	
   3.9600000e+05	   5.3765007e+03	   5.3155982e+02	  -1.0542319e+00	
   3.9690000e+05	   5.3856674e+03	   5.3190565e+02	  -1.0544489e+00	
   3.9780000e+05	   5.3981394e+03	   5.2964588e+02	  -1.0555069e+00	
   3.9870000e+05	   5.4095411e+03	   5.2616901e+02	  -1.0582303e+00	
   3.9960000e+05	   5.4152412e+03	   5.2648971e+02	  -1.0623104e+00	
   4.0050000e+05	   5.4153859e+03	   5.3415951e+02	  -1.0668213e+00	
   4.0140000e+05	   5.4133357e+03	   5.4697944e+02	  -1.0712886e+00	
   4.0230000e+05	   5.4097487e+03	   5.6025962e+02	  -1.0760996e+00	
   4.0320000e+05	   5.4035611e+03	   5.7239959e+02	  -1.0816733e+00	
   4.0410000e+05	   5.3938445e+03	   5.8413137e+02	  -1.0874280e+00	
   4.0500000e+05	   5.3785006e+03	   5.9250760e+02	  -1.0926381e+00	
   4.0590000e+05	   5.3563349e+03	   5.9284214e+02	  -1.0974629e+00	
   4.0680000e+05	   5.3295161e+03	   5.8944288e+02	  -1.1019719e+00	
   4.0770000e+05	   5.3002892e+03	   5.8983680e+02	  -1.1058484e+00	
   4.0860000e+05	   5.2720234e+03	   5.9314912e+02	  -1.1088799e+00	
   4.0950000e+05	   5.2500342e+03	   5.9511444e+02	  -1.1109161e+00	
   4.1040000e+05	   5.2356030e+03	   5.9555839e+02	  -1.1122100e+00	
   4.1130000e+05	   5.2259952e+03	   5.9597335e+02	  -1.1129995e+00	
   4.1220000e+05	   5.2185211e+03	   5.9522648e+02	  -1.1131607e+00	
   4.1310000e+05	   5.2112535e+03	   5.9119097e+02	  -1.1123748e+00	
   4.1400000e+05	   5.2028858e+03	   5.8318019e+02	  -1.1102010e+00	
   4.1490000e+05	   5.1925196e+03	   5.7139744e+02	  -1.1064521e+00	
   4.1580000e+05	   5.1792174e+03	   5.5991942e+02	  -1.1014210e+00	
   4.1670000e+05	   5.1640045e+03	   5.5355614e+02	  -1.0961476e+00	
   4.1760000e+05	   5.1492592e+03	   5.5076352e+02	  -1.0917193e+00	
   4.1850000e+05	   5.1356880e+03	   5.4782823e+02	  -1.0880581e+00	
   4.1940000e+05	   5.1249353e+03	   5.4377022e+02	  -1.0845031e+00	
   4.2030000e+05	   5.1201408e+03	   5.3853691e+02	  -1.0806726e+00	
   4.2120000e+05	   5.1220249e+03	   5.3195538e+02	  -1.0767193e+00	
   4.2210000e+05	   5.1285698e+03	   5.2426896e+02	  -1.0729011e+00	
   4.2300000e+05	   5.1375307e+03	   5.1587045e+02	  -1.0694624e+00	
   4.2390000e+05	   5.1483595e+03	   5.0692142e+02	  -1.0669487e+00	
   4.2480000e+05	   5.1636958e+03	   4.9906810e+02	  -1.0656329e+00	
   4.2570000e+05	   5.1864356e+03	   4.9432037e+02	  -1.0653682e+00	
   4.2660000e+05	   5.2156123e+03	   4.9037110e+02	  -1.0658416e+00	
   4.2750000e+05	   5.2483854e+03	   4.8459647e+02	  -1.0666739e+00	
   4.2840000e+05	   5.2806114e+03	   4.7832612e+02	  -1.0676845e+00	
   4.2930000e+05	   5.3083813e+03	   4.7216578e+02	  -1.0687713e+00	
   4.3020000e+05	   5.3315544e+03	   4.6501870e+02	  -1.0695621e+00	
   4.3110000e+05	   5.3520460e+03	   4.5755162e+02	  -1.0699102e+00	
   4.3200000e+05	   5.3689896e+03	   4.5024414e+02	  -1.0701843e+00	
   4.3290000e+05	   5.3803681e+03	   4.4123946e+02	  -1.0706768e+00	
   4.3380000e+05	   5.3875793e+03	   4.3151841e+02	  -1.0714796e+00	
   4.3470000e+05	   5.3924370e+03	   4.2487971e+02	  -1.0728619e+00	
   4.3560000e+05	   5.3948928e+03	   4.2181601e+02	  -1.0751055e+00	
   4.3650000e+05	   5.3956061e+03	   4.2123079e+02	  -1.0776462e+00	
   4.3740000e+05	   5.3948694e+03	   4.2193803e+02	  -1.0792019e+00	
   4.3830000e+05	   5.3916091e+03	   4.2178825e+02	  -1.0790274e+00	
   4.3920000e+05	   5.3862504e+03	   4.2069634e+02	  -1.0769161e+00	
   4.4010000e+05	   5.3800448e+03	   4.1926125e+02	  -1.0733336e+00	
   4.4100000e+05	   5.3718626e+03	   4.1640700e+02	  -1.0696911e+00	
   4.4190000e+05	   5.3604956e+03	   4.1160384e+02	  -1.0668363e+00	
   4.4280000e+05	   5.3485820e+03	   4.0444698e+02	  -1.0646209e+00	
   4.4370000e+05	   5.3391760e+03	   3.9495714e+02	  -1.0625936e+00	
   4.4460000e+05	   5.3327077e+03	   3.9072046e+02	  -1.0604272e+00	
   4.4550000e+05	   5.3291055e+03	   4.0041921e+02	  -1.0580633e+00	
   4.4640000e+05	   5.3289606e+03	   4.1787490e+02	  -1.0549377e+00	
   4.4730000e+05	   5.3329339e+03	   4.3140884e+02	  -1.0504775e+00	
   4.4820000e+05	   5.3406788e+03	   4.3887031e+02	  -1.0452178e+00	
   4.4910000e+05	   5.3525093e+03	   4.4349775e+02	  -1.0399717e+00	
   4.5000000e+05	   5.3699214e+03	   4.4652201e+02	  -1.0355267e+00	
   4.5090000e+05	   5.3915150e+03	   4.4766562e+02	  -1.0325299e+00	
   4.5180000e+05	   5.4138477e+03	   4.4812796e+02	  -1.0311979e+00	
   4.5270000e+05	   5.4361370e+03	   4.4979032e+02	  -1.0313696e+00	
   4.5360000e+05	   5.4586709e+03	   4.5242508e+02	  -1.0322137e+00	
   4.5450000e+05	   5.4800479e+03	   4.5351998e+02	  -1.0334974e+00	
   4.5540000e+05	   5.5001600e+03	   4.5039295e+02	  -1.0359670e+00	
   4.5630000e+05	   5.5203510e+03	   4.4440342e+02	  -1.0396449e+00	
   4.5720000e+05	   5.5381172e+03	   4.4084762e+02	  -1.0436110e+00	
   4.5810000e+05	   5.5503552e+03	   4.4038756e+02	  -1.0472312e+00	
   4.5900000e+05	   5.5598229e+03	   4.3674650e+02	  -1.0506280e+00	
   4.5990000e+05	   5.5692777e+03	   4.2653230e+02	  -1.0540384e+00	
   4.6080000e+05	   5.5765388e+03	   4.1464584e+02	  -1.0574443e+00	
   4.6170000e+05	   5.5806761e+03	   4.0600471e+02	  -1.0607118e+00	
   4.6260000e+05	   5.5836738e+03	   3.9938163e+02	  -1.0636035e+00	
   4.6350000e+05	   5.5861622e+03	   3.9497669e+02	  -1.0658302e+00	
   4.6440000e+05	   5.5882128e+03	   3.9715538e+02	  -1.0671843e+00	
   4.6530000e+05	   5.5896428e+03	   4.0569805e+02	  -1.0678763e+00	
   4.6620000e+05	   5.5886388e+03	   4.1600970e+02	  -1.0684180e+00	
   4.6710000e+05	   5.5827304e+03	   4.2510230e+02	  -1.0690071e+00	
   4.6800000e+05	   5.5693236e+03	   4.3312888e+02	  -1.0698672e+00	
   4.6890000e+05	   5.5485680e+03	   4.3980007e+02	  -1.0714861e+00	
   4.6980000e+05	   5.5248311e+03	   4.4195092e+02	  -1.0739227e+00	
   4.7070000e+05	   5.5004959e+03	   4.3875474e+02	  -1.0768144e+00	
   4.7160000e+05	   5.4746976e+03	   4.3241783e+02	  -1.0799805e+00	
   4.7250000e+05	   5.4470811e+03	   4.2438343e+02	  -1.0833676e+00	
   4.7340000e+05	   5.4162218e+03	   4.1525687e+02	  -1.0867610e+00	
   4.7430000e+05	   5.3801048e+03	   4.0522248e+02	  -1.0898564e+00	
   4.7520000e+05	   5.3408221e+03	   3.9283700e+02	  -1.0922451e+00	
   4.7610000e+05	   5.3020184e+03	   3.7770679e+02	  -1.0936230e+00	
   4.7700000e+05	   5.2639847e+03	   3.6473359e+02	  -1.0942518e+00	
   4.7790000e+05	   5.2258772e+03	   3.5803381e+02	  -1.0946748e+00	
   4.7880000e+05	   5.1874316e+03	   3.5475493e+02	  -1.0946918e+00	
   4.7970000e+05	   5.1456830e+03	   3.5046531e+02	  -1.0935351e+00	
   4.8060000e+05	   5.0975009e+03	   3.4535783e+02	  -1.0911102e+00	
   4.8150000e+05	   5.0463139e+03	   3.4254283e+02	  -1.0877933e+00	
   4.8240000e+05	   4.9989282e+03	   3.4345338e+02	  -1.0836166e+00	
   4.8330000e+05	   4.9560090e+03	   3.4812852e+02	  -1.0783320e+00	
   4.8420000e+05	   4.9144719e+03	   3.5915972e+02	  -1.0719887e+00	
   4.8510000e+05	   4.8747670e+03	   3.7662203e+02	  -1.0651673e+00	
   4.8600000e+05	   4.8396625e+03	   3.9615271e+02	  -1.0586547e+00	
   4.8690000e+05	   4.8123166e+03	   4.1591430e+02	  -1.0526472e+00	
   4.8780000e+05	   4.7941415e+03	   4.3426448e+02	  -1.0465113e+00	
   4.8870000e+05	   4.7826419e+03	   4.4802123e+02	  -1.0397167e+00	
   4.8960000e+05	   4.7747894e+03	   4.5818203e+02	  -1.0326074e+00	
   4.9050000e+05	   4.7704073e+03	   4.6758051e+02	  -1.0255665e+00	
   4.9140000e+05	   4.7692926e+03	   4.7458834e+02	  -1.0184504e+00	
   4.9230000e+05	   4.7723060e+03	   4.7561485e+02	  -1.0116084e+00	
   4.9320000e+05	   4.7823594e+03	   4.7312247e+02	  -1.0065896e+00	
   4.9410000e+05	   4.7972039e+03	   4.7294819e+02	  -1.0040718e+00	
   4.9500000e+05	   4.8106866e+03	   4.7601561e+02	  -1.0029716e+00	
   4.9590000e+05	   4.8216665e+03	   4.8202104e+02	  -1.0023851e+00	
   4.9680000e+05	   4.8324662e+03	   4.9248042e+02	  -1.0019258e+00	
   4.9770000e+05	   4.8434582e+03	   5.0611099e+02	  -1.0017742e+00	
   4.9860000e+05	   4.8542205e+03	   5.1920882e+02	  -1.0025999e+00	
   4.9950000e+05	   4.8642084e+03	   5.2950296e+02	  -1.0042222e+00	
   5.0040000e+05	   4.8702332e+03	   5.3742467e+02	  -1.0061299e+00	
   5.0130000e+05	   4.8703765e+03	   5.4437151e+02	  -1.0083504e+00	
   5.0220000e+05	   4.8670058e+03	   5.5082451e+02	  -1.0108598e+00	
   5.0310000e+05	   4.8618409e+03	   5.5678964e+02	  -1.0134788e+00	
   5.0400000e+05	   4.8555273e+03	   5.6256271e+02	  -1.0160922e+00	
   5.0490000e+05	   4.8485628e+03	   5.6854490e+02	  -1.0185328e+00	
   5.0580000e+05	   4.8397734e+03	   5.7466733e+02	  -1.0202950e+00	
   5.0670000e+05	   4.8278211e+03	   5.8047517e+02	  -1.0210390e+00	
   5.0760000e+05	   4.8128470e+03	   5.8610310e+02	  -1.0215378e+00	
   5.0850000e+05	   4.7953999e+03	   5.9181761e+02	  -1.0227603e+00	
   5.0940000e+05	   4.7758406e+03	   5.9752124e+02	  -1.0248934e+00	
   5.1030000e+05	   4.7545667e+03	   6.0303027e+02	  -1.0278626e+00	
   5.1120000e+05	   4.7319868e+03	   6.0814675e+02	  -1.0315932e+00	
   5.1210000e+05	   4.7085657e+03	   6.1261533e+02	  -1.0360173e+00	
   5.1300000e+05	   4.6847512e+03	   6.1617277e+02	  -1.0411238e+00	
   5.1390000e+05	   4.6605373e+03	   6.1837298e+02	  -1.0469059e+00	
   5.1480000e+05	   4.6356642e+03	   6.1869040e+02	  -1.0533226e+00	
   5.1570000e+05	   4.6088660e+03	   6.1797838e+02	  -1.0599946e+00	
   5.1660000e+05	   4.5780107e+03	   6.1812731e+02	  -1.0662676e+00	
   5.1750000e+05	   4.5435615e+03	   6.1887032e+02	  -1.0722105e+00	
   5.1840000e+05	   4.5083196e+03	   6.1836803e+02	  -1.0785300e+00	
   5.1930000e+05	   4.4737671e+03	   6.1614475e+02	  -1.0855276e+00	
   5.2020000e+05	   4.4396924e+03	   6.1298090e+02	  -1.0930455e+00	
   5.2110000e+05	   4.4056784e+03	   6.0971858e+02	  -1.1008673e+00	
   5.2200000e+05	   4.3713657e+03	   6.0716019e+02	  -1.1087992e+00	
   5.2290000e+05	   4.3365121e+03	   6.0601442e+02	  -1.1166534e+00	
   5.2380000e+05	   4.3011088e+03	   6.0684300e+02	  -1.1241974e+00	
   5.2470000e+05	   4.2649901e+03	   6.0984245e+02	  -1.1313130e+00	
   5.2560000e+05	   4.2279011e+03	   6.1490221e+02	  -1.1380005e+00	
   5.2650000e+05	   4.1897923e+03	   6.2183133e+02	  -1.1442693e+00	
   5.2740000e+05	   4.1507363e+03	   6.3036034e+02	  -1.1501432e+00	
   5.2830000e+05	   4.1108131e+03	   6.4019615e+02	  -1.1556533e+00	
   5.2920000e+05	   4.0701082e+03	   6.5104490e+02	  -1.1608293e+00	
   5.3010000e+05	   4.0287117e+03	   6.6261158e+02	  -1.1657002e+00	
   5.3100000e+05	   3.9867188e+03	   6.7459985e+02	  -1.1702944e+00	
   5.3190000e+05	   3.9442506e+03	   6.8670447e+02	  -1.1746401e+00	
   5.3280000e+05	   3.9014803e+03	   6.9860117e+02	  -1.1787664e+00	
   5.3370000e+05	   3.8585929e+03	   7.0996184e+02	  -1.1827023e+00	
   5.3460000e+05	   3.8157769e+03	   7.2045068e+02	  -1.1864752e+00	
   5.3550000e+05	   3.7731959e+03	   7.2965059e+02	  -1.1900940e+00	
   5.3640000e+05	   3.7310019e+03	   7.3710155e+02	  -1.1935548e+00	
   5.3730000e+05	   3.6893558e+03	   7.4235154e+02	  -1.1968499e+00	
   5.3820000e+05	   3.6484287e+03	   7.4495940e+02	  -1.1999674e+00	
   5.3910000e+05	   3.6084170e+03	   7.4453456e+02	  -1.2028968e+00	
   5.4000000e+05	   3.5697199e+03	   7.4111041e+02	  -1.2056884e+00	
   5.4090000e+05	   3.5329592e+03	   7.3541114e+02	  -1.2082164e+00	
   5.4180000e+05	   3.4986422e+03	   7.2855626e+02	  -1.2101502e+00	
   5.4270000e+05	   3.4671330e+03	   7.2168591e+02	  -1.2111205e+00	
   5.4360000e+05	   3.4390176e+03	   7.1591087e+02	  -1.2107175e+00	
   5.4450000e+05	   3.4149908e+03	   7.1234473e+02	  -1.2085190e+00	
   5.4540000e+05	   3.3954457e+03	   7.1208475e+02	  -1.2041361e+00	
   5.4630000e+05	   3.3804085e+03	   7.1571694e+02	  -1.1974979e+00	
   5.4720000e+05	   3.3697377e+03	   7.2344306e+02	  -1.1887951e+00	
