   0.0000000e+00	   7.0819988e+02	   2.6709735e+02	   1.0114480e+00	
   9.0000000e+02	   7.2543234e+02	   2.5320144e+02	   1.0168353e+00	
   1.8000000e+03	   7.3826408e+02	   2.4535733e+02	   1.0246587e+00	
   2.7000000e+03	   7.4833127e+02	   2.4488305e+02	   1.0337468e+00	
   3.6000000e+03	   7.5830612e+02	   2.4998724e+02	   1.0434245e+00	
   4.5000000e+03	   7.7037889e+02	   2.5643052e+02	   1.0548340e+00	
   5.4000000e+03	   7.8273694e+02	   2.6154675e+02	   1.0646560e+00	
   6.3000000e+03	   7.9262408e+02	   2.6469147e+02	   1.0660820e+00	
   7.2000000e+03	   8.0096058e+02	   2.6922653e+02	   1.0587029e+00	
   8.1000000e+03	   8.1051538e+02	   2.7957034e+02	   1.0497176e+00	
   9.0000000e+03	   8.2051865e+02	   2.9296430e+02	   1.0482402e+00	
   9.9000000e+03	   8.2941357e+02	   3.0333092e+02	   1.0581020e+00	
   1.0800000e+04	   8.3886078e+02	   3.0996071e+02	   1.0746446e+00	
   1.1700000e+04	   8.4827704e+02	   3.1534807e+02	   1.0891540e+00	
   1.2600000e+04	   8.5156304e+02	   3.1832264e+02	   1.0957381e+00	
   1.3500000e+04	   8.4770008e+02	   3.1583593e+02	   1.0945078e+00	
   1.4400000e+04	   8.4513562e+02	   3.1168254e+02	   1.0899210e+00	
   1.5300000e+04	   8.4867671e+02	   3.1244628e+02	   1.0851405e+00	
   1.6200000e+04	   8.5840447e+02	   3.1622683e+02	   1.0816507e+00	
   1.7100000e+04	   8.7407347e+02	   3.1695441e+02	   1.0841367e+00	
   1.8000000e+04	   8.9222629e+02	   3.1273118e+02	   1.0967617e+00	
   1.8900000e+04	   9.0701543e+02	   3.0400132e+02	   1.1190761e+00	
   1.9800000e+04	   9.1385737e+02	   2.9095913e+02	   1.1482686e+00	
   2.0700000e+04	   9.1478796e+02	   2.7384911e+02	   1.1775376e+00	
   2.1600000e+04	   9.1726120e+02	   2.5465203e+02	   1.1969929e+00	
   2.2500000e+04	   9.2880321e+02	   2.3753897e+02	   1.2024259e+00	
   2.3400000e+04	   9.5416357e+02	   2.2377540e+02	   1.1962799e+00	
   2.4300000e+04	   9.9055746e+02	   2.1028490e+02	   1.1895487e+00	
   2.5200000e+04	   1.0296933e+03	   1.9747061e+02	   1.1952832e+00	
   2.6100000e+04	   1.0649399e+03	   1.9368003e+02	   1.2103834e+00	
   2.7000000e+04	   1.0917620e+03	   1.9872726e+02	   1.2196417e+00	
   2.7900000e+04	   1.1128657e+03	   2.0711743e+02	   1.2201447e+00	
   2.8800000e+04	   1.1350610e+03	   2.1380785e+02	   1.2227549e+00	
   2.9700000e+04	   1.1591395e+03	   2.1263650e+02	   1.2324818e+00	
   3.0600000e+04	   1.1850874e+03	   2.0568806e+02	   1.2434803e+00	
   3.1500000e+04	   1.2132985e+03	   1.9911276e+02	   1.2505612e+00	
   3.2400000e+04	   1.2408235e+03	   1.9345324e+02	   1.2570575e+00	
   3.3300000e+04	   1.2662815e+03	   1.8535363e+02	   1.2678763e+00	
   3.4200000e+04	   1.2910988e+03	   1.7668685e+02	   1.2813566e+00	
   3.5100000e+04	   1.3148331e+03	   1.7320852e+02	   1.2922528e+00	
   3.6000000e+04	   1.3361810e+03	   1.7352597e+02	   1.2978652e+00	
   3.6900000e+04	   1.3543541e+03	   1.7161468e+02	   1.3003988e+00	
   3.7800000e+04	   1.3694913e+03	   1.6526807e+02	   1.3040023e+00	
   3.8700000e+04	   1.3847342e+03	   1.5491039e+02	   1.3097293e+00	
   3.9600000e+04	   1.4049783e+03	   1.4276447e+02	   1.3158879e+00	
   4.0500000e+04	   1.4318506e+03	   1.3165655e+02	   1.3226422e+00	
   4.1400000e+04	   1.4611718e+03	   1.2309463e+02	   1.3329069e+00	
   4.2300000e+04	   1.4889626e+03	   1.1816283e+02	   1.3470223e+00	
   4.3200000e+04	   1.5165163e+03	   1.1634035e+02	   1.3614284e+00	
   4.4100000e+04	   1.5461216e+03	   1.1574168e+02	   1.3736921e+00	
   4.5000000e+04	   1.5780646e+03	   1.1639257e+02	   1.3831541e+00	
   4.5900000e+04	   1.6114357e+03	   1.1972142e+02	   1.3895097e+00	
   4.6800000e+04	   1.6427872e+03	   1.2581227e+02	   1.3930111e+00	
   4.7700000e+04	   1.6693722e+03	   1.3433140e+02	   1.3941642e+00	
   4.8600000e+04	   1.6939784e+03	   1.4570608e+02	   1.3937260e+00	
   4.9500000e+04	   1.7195260e+03	   1.5977952e+02	   1.3922740e+00	
   5.0400000e+04	   1.7440437e+03	   1.7413651e+02	   1.3906141e+00	
   5.1300000e+04	   1.7649276e+03	   1.8550132e+02	   1.3897460e+00	
   5.2200000e+04	   1.7834493e+03	   1.9268103e+02	   1.3900383e+00	
   5.3100000e+04	   1.8038677e+03	   1.9581080e+02	   1.3912585e+00	
   5.4000000e+04	   1.8309206e+03	   1.9651178e+02	   1.3918856e+00	
   5.4900000e+04	   1.8666316e+03	   1.9740735e+02	   1.3904374e+00	
   5.5800000e+04	   1.9083384e+03	   1.9823196e+02	   1.3880030e+00	
   5.6700000e+04	   1.9496807e+03	   1.9659240e+02	   1.3865418e+00	
   5.7600000e+04	   1.9849309e+03	   1.9376944e+02	   1.3865264e+00	
   5.8500000e+04	   2.0148286e+03	   1.9201592e+02	   1.3880397e+00	
   5.9400000e+04	   2.0449265e+03	   1.8919304e+02	   1.3907962e+00	
   6.0300000e+04	   2.0764882e+03	   1.8192951e+02	   1.3940985e+00	
   6.1200000e+04	   2.1053835e+03	   1.7214932e+02	   1.3980527e+00	
   6.2100000e+04	   2.1297181e+03	   1.6425801e+02	   1.4029530e+00	
   6.3000000e+04	   2.1505735e+03	   1.5984066e+02	   1.4089873e+00	
   6.3900000e+04	   2.1686439e+03	   1.5792349e+02	   1.4165793e+00	
   6.4800000e+04	   2.1863377e+03	   1.5773576e+02	   1.4255851e+00	
   6.5700000e+04	   2.2076179e+03	   1.5838916e+02	   1.4350638e+00	
   6.6600000e+04	   2.2344464e+03	   1.6013563e+02	   1.4422890e+00	
   6.7500000e+04	   2.2670709e+03	   1.6566184e+02	   1.4444218e+00	
   6.8400000e+04	   2.3041752e+03	   1.7560834e+02	   1.4432749e+00	
   6.9300000e+04	   2.3436830e+03	   1.8731543e+02	   1.4424228e+00	
   7.0200000e+04	   2.3858138e+03	   1.9850158e+02	   1.4415651e+00	
   7.1100000e+04	   2.4292623e+03	   2.0780134e+02	   1.4389825e+00	
   7.2000000e+04	   2.4690427e+03	   2.1631500e+02	   1.4356733e+00	
   7.2900000e+04	   2.5030183e+03	   2.2565160e+02	   1.4339662e+00	
   7.3800000e+04	   2.5296817e+03	   2.3365152e+02	   1.4336790e+00	
   7.4700000e+04	   2.5448088e+03	   2.3724531e+02	   1.4330897e+00	
   7.5600000e+04	   2.5491851e+03	   2.3877959e+02	   1.4327797e+00	
   7.6500000e+04	   2.5493361e+03	   2.4243068e+02	   1.4345837e+00	
   7.7400000e+04	   2.5508116e+03	   2.4876969e+02	   1.4391878e+00	
   7.8300000e+04	   2.5551726e+03	   2.5693582e+02	   1.4460740e+00	
   7.9200000e+04	   2.5619774e+03	   2.6627787e+02	   1.4542542e+00	
   8.0100000e+04	   2.5706837e+03	   2.7614072e+02	   1.4627216e+00	
   8.1000000e+04	   2.5808933e+03	   2.8584661e+02	   1.4705198e+00	
   8.1900000e+04	   2.5942881e+03	   2.9479354e+02	   1.4773475e+00	
   8.2800000e+04	   2.6136291e+03	   3.0217668e+02	   1.4831689e+00	
   8.3700000e+04	   2.6388485e+03	   3.0633894e+02	   1.4876783e+00	
   8.4600000e+04	   2.6677193e+03	   3.0793115e+02	   1.4911787e+00	
   8.5500000e+04	   2.6990594e+03	   3.0859137e+02	   1.4949938e+00	
   8.6400000e+04	   2.7331449e+03	   3.0837493e+02	   1.5010114e+00	
   8.7300000e+04	   2.7682358e+03	   3.0782407e+02	   1.5091454e+00	
   8.8200000e+04	   2.7987488e+03	   3.0885238e+02	   1.5174299e+00	
   8.9100000e+04	   2.8209851e+03	   3.1268958e+02	   1.5246058e+00	
   9.0000000e+04	   2.8374432e+03	   3.1844572e+02	   1.5305481e+00	
   9.0900000e+04	   2.8504748e+03	   3.2436763e+02	   1.5362559e+00	
   9.1800000e+04	   2.8565413e+03	   3.2952743e+02	   1.5435370e+00	
   9.2700000e+04	   2.8534704e+03	   3.3351535e+02	   1.5538890e+00	
   9.3600000e+04	   2.8479263e+03	   3.3645349e+02	   1.5679343e+00	
   9.4500000e+04	   2.8489630e+03	   3.3875110e+02	  -1.5574353e+00	
   9.5400000e+04	   2.8611243e+03	   3.3993450e+02	  -1.5423204e+00	
   9.6300000e+04	   2.8845617e+03	   3.3934580e+02	  -1.5303489e+00	
   9.7200000e+04	   2.9161663e+03	   3.3968997e+02	  -1.5216806e+00	
   9.8100000e+04	   2.9521360e+03	   3.4442426e+02	  -1.5142480e+00	
   9.9000000e+04	   2.9909666e+03	   3.5193195e+02	  -1.5047692e+00	
   9.9900000e+04	   3.0298466e+03	   3.5895246e+02	  -1.4941278e+00	
   1.0080000e+05	   3.0634360e+03	   3.6316636e+02	  -1.4860157e+00	
   1.0170000e+05	   3.0909288e+03	   3.6404405e+02	  -1.4795962e+00	
   1.0260000e+05	   3.1167611e+03	   3.6119411e+02	  -1.4711076e+00	
   1.0350000e+05	   3.1443510e+03	   3.5439627e+02	  -1.4601983e+00	
   1.0440000e+05	   3.1703945e+03	   3.4560438e+02	  -1.4491490e+00	
   1.0530000e+05	   3.1884015e+03	   3.3700136e+02	  -1.4395198e+00	
   1.0620000e+05	   3.1999973e+03	   3.2970597e+02	  -1.4316923e+00	
   1.0710000e+05	   3.2122479e+03	   3.2383943e+02	  -1.4252155e+00	
   1.0800000e+05	   3.2288201e+03	   3.1866343e+02	  -1.4193997e+00	
   1.0890000e+05	   3.2473879e+03	   3.1351555e+02	  -1.4140494e+00	
   1.0980000e+05	   3.2635181e+03	   3.0845027e+02	  -1.4093269e+00	
   1.1070000e+05	   3.2763034e+03	   3.0397802e+02	  -1.4054083e+00	
   1.1160000e+05	   3.2873779e+03	   3.0127366e+02	  -1.4024040e+00	
   1.1250000e+05	   3.2981191e+03	   3.0154629e+02	  -1.4002764e+00	
   1.1340000e+05	   3.3090582e+03	   3.0331580e+02	  -1.3986860e+00	
   1.1430000e+05	   3.3204145e+03	   3.0384202e+02	  -1.3970436e+00	
   1.1520000e+05	   3.3317194e+03	   3.0313715e+02	  -1.3944006e+00	
   1.1610000e+05	   3.3418729e+03	   3.0223239e+02	  -1.3903566e+00	
   1.1700000e+05	   3.3508529e+03	   3.0083407e+02	  -1.3856069e+00	
   1.1790000e+05	   3.3561547e+03	   2.9756455e+02	  -1.3804898e+00	
   1.1880000e+05	   3.3531192e+03	   2.9195727e+02	  -1.3741335e+00	
   1.1970000e+05	   3.3436761e+03	   2.8485503e+02	  -1.3658336e+00	
   1.2060000e+05	   3.3344979e+03	   2.7721428e+02	  -1.3566622e+00	
   1.2150000e+05	   3.3287054e+03	   2.7060813e+02	  -1.3484359e+00	
   1.2240000e+05	   3.3269060e+03	   2.6759619e+02	  -1.3415283e+00	
   1.2330000e+05	   3.3271988e+03	   2.6825981e+02	  -1.3349731e+00	
   1.2420000e+05	   3.3251593e+03	   2.7010547e+02	  -1.3283093e+00	
   1.2510000e+05	   3.3213409e+03	   2.7190443e+02	  -1.3217950e+00	
   1.2600000e+05	   3.3235433e+03	   2.7393995e+02	  -1.3153233e+00	
   1.2690000e+05	   3.3359287e+03	   2.7613350e+02	  -1.3087588e+00	
   1.2780000e+05	   3.3530556e+03	   2.7776403e+02	  -1.3022993e+00	
   1.2870000e+05	   3.3670877e+03	   2.7888864e+02	  -1.2959962e+00	
   1.2960000e+05	   3.3749186e+03	   2.8167568e+02	  -1.2896480e+00	
   1.3050000e+05	   3.3810826e+03	   2.8725542e+02	  -1.2830706e+00	
   1.3140000e+05	   3.3916931e+03	   2.9313137e+02	  -1.2764964e+00	
   1.3230000e+05	   3.4060739e+03	   2.9738618e+02	  -1.2704679e+00	
   1.3320000e+05	   3.4202008e+03	   3.0128818e+02	  -1.2652230e+00	
   1.3410000e+05	   3.4314960e+03	   3.0588462e+02	  -1.2603155e+00	
   1.3500000e+05	   3.4400048e+03	   3.1213573e+02	  -1.2544365e+00	
   1.3590000e+05	   3.4488157e+03	   3.2053394e+02	  -1.2463779e+00	
   1.3680000e+05	   3.4607742e+03	   3.2799832e+02	  -1.2365236e+00	
   1.3770000e+05	   3.4760336e+03	   3.3159566e+02	  -1.2259022e+00	
   1.3860000e+05	   3.4926891e+03	   3.3343728e+02	  -1.2150141e+00	
   1.3950000e+05	   3.5090366e+03	   3.3703913e+02	  -1.2041298e+00	
   1.4040000e+05	   3.5252917e+03	   3.4595915e+02	  -1.1925097e+00	
   1.4130000e+05	   3.5418394e+03	   3.6196523e+02	  -1.1790081e+00	
   1.4220000e+05	   3.5563029e+03	   3.7653757e+02	  -1.1659439e+00	
   1.4310000e+05	   3.5664596e+03	   3.7880035e+02	  -1.1569192e+00	
   1.4400000e+05	   3.5770526e+03	   3.7481637e+02	  -1.1507641e+00	
   1.4490000e+05	   3.5957636e+03	   3.7629009e+02	  -1.1443377e+00	
   1.4580000e+05	   3.6221418e+03	   3.8222685e+02	  -1.1371338e+00	
   1.4670000e+05	   3.6484076e+03	   3.8665980e+02	  -1.1299170e+00	
   1.4760000e+05	   3.6699138e+03	   3.8996027e+02	  -1.1229191e+00	
   1.4850000e+05	   3.6887988e+03	   3.9538055e+02	  -1.1164220e+00	
   1.4940000e+05	   3.7079697e+03	   4.0329586e+02	  -1.1106040e+00	
   1.5030000e+05	   3.7262103e+03	   4.1176693e+02	  -1.1045707e+00	
   1.5120000e+05	   3.7415214e+03	   4.1950320e+02	  -1.0974606e+00	
   1.5210000e+05	   3.7535805e+03	   4.2673219e+02	  -1.0894858e+00	
   1.5300000e+05	   3.7613918e+03	   4.3270666e+02	  -1.0809515e+00	
   1.5390000e+05	   3.7670729e+03	   4.3555222e+02	  -1.0718020e+00	
   1.5480000e+05	   3.7768893e+03	   4.3561956e+02	  -1.0621739e+00	
   1.5570000e+05	   3.7920833e+03	   4.3482385e+02	  -1.0525372e+00	
   1.5660000e+05	   3.8081330e+03	   4.3361497e+02	  -1.0434032e+00	
   1.5750000e+05	   3.8231643e+03	   4.3200867e+02	  -1.0352899e+00	
   1.5840000e+05	   3.8393691e+03	   4.3114003e+02	  -1.0289674e+00	
   1.5930000e+05	   3.8571226e+03	   4.3110763e+02	  -1.0241163e+00	
   1.6020000e+05	   3.8743090e+03	   4.3064170e+02	  -1.0191459e+00	
   1.6110000e+05	   3.8918545e+03	   4.2865349e+02	  -1.0131336e+00	
   1.6200000e+05	   3.9115181e+03	   4.2498750e+02	  -1.0063716e+00	
   1.6290000e+05	   3.9309716e+03	   4.2111407e+02	  -9.9996730e-01	
   1.6380000e+05	   3.9475702e+03	   4.1630476e+02	  -9.9463435e-01	
   1.6470000e+05	   3.9617287e+03	   4.0731578e+02	  -9.8994235e-01	
   1.6560000e+05	   3.9745060e+03	   3.9586942e+02	  -9.8547353e-01	
   1.6650000e+05	   3.9864678e+03	   3.8786894e+02	  -9.8165312e-01	
   1.6740000e+05	   3.9995663e+03	   3.8545942e+02	  -9.7893747e-01	
   1.6830000e+05	   4.0153478e+03	   3.8594357e+02	  -9.7651138e-01	
   1.6920000e+05	   4.0337086e+03	   3.8754534e+02	  -9.7347325e-01	
   1.7010000e+05	   4.0542946e+03	   3.9169355e+02	  -9.7040558e-01	
   1.7100000e+05	   4.0740631e+03	   3.9706966e+02	  -9.6781912e-01	
   1.7190000e+05	   4.0895419e+03	   3.9976507e+02	  -9.6527302e-01	
   1.7280000e+05	   4.1018517e+03	   3.9777286e+02	  -9.6257249e-01	
   1.7370000e+05	   4.1142035e+03	   3.9005985e+02	  -9.6009695e-01	
   1.7460000e+05	   4.1275571e+03	   3.7928336e+02	  -9.5814164e-01	
   1.7550000e+05	   4.1401623e+03	   3.7074458e+02	  -9.5697608e-01	
   1.7640000e+05	   4.1506674e+03	   3.6514216e+02	  -9.5706337e-01	
   1.7730000e+05	   4.1588564e+03	   3.6013910e+02	  -9.5806008e-01	
   1.7820000e+05	   4.1641436e+03	   3.5482876e+02	  -9.5883837e-01	
   1.7910000e+05	   4.1681996e+03	   3.4770578e+02	  -9.5901806e-01	
   1.8000000e+05	   4.1747018e+03	   3.3922229e+02	  -9.5880066e-01	
   1.8090000e+05	   4.1837369e+03	   3.3157790e+02	  -9.5795405e-01	
   1.8180000e+05	   4.1930704e+03	   3.2585654e+02	  -9.5640623e-01	
   1.8270000e+05	   4.1991726e+03	   3.2216442e+02	  -9.5495240e-01	
   1.8360000e+05	   4.1975334e+03	   3.2016422e+02	  -9.5463366e-01	
   1.8450000e+05	   4.1892204e+03	   3.1920837e+02	  -9.5458221e-01	
   1.8540000e+05	   4.1788331e+03	   3.1844083e+02	  -9.5267327e-01	
   1.8630000e+05	   4.1690829e+03	   3.1442337e+02	  -9.4849529e-01	
   1.8720000e+05	   4.1626799e+03	   3.0601599e+02	  -9.4340748e-01	
   1.8810000e+05	   4.1624177e+03	   2.9522176e+02	  -9.3851162e-01	
   1.8900000e+05	   4.1685657e+03	   2.8287249e+02	  -9.3410174e-01	
   1.8990000e+05	   4.1785351e+03	   2.6891603e+02	  -9.2969330e-01	
   1.9080000e+05	   4.1902697e+03	   2.5657495e+02	  -9.2418566e-01	
   1.9170000e+05	   4.2052139e+03	   2.4969477e+02	  -9.1818295e-01	
   1.9260000e+05	   4.2241802e+03	   2.4680236e+02	  -9.1392022e-01	
   1.9350000e+05	   4.2451287e+03	   2.4484677e+02	  -9.1157429e-01	
   1.9440000e+05	   4.2682514e+03	   2.4380181e+02	  -9.0900998e-01	
   1.9530000e+05	   4.2949151e+03	   2.4360244e+02	  -9.0482623e-01	
   1.9620000e+05	   4.3224896e+03	   2.4321909e+02	  -8.9999919e-01	
   1.9710000e+05	   4.3463766e+03	   2.4279138e+02	  -8.9685767e-01	
   1.9800000e+05	   4.3641034e+03	   2.4326519e+02	  -8.9645172e-01	
   1.9890000e+05	   4.3765049e+03	   2.4541521e+02	  -8.9774332e-01	
   1.9980000e+05	   4.3864504e+03	   2.4974320e+02	  -8.9885379e-01	
   2.0070000e+05	   4.3949523e+03	   2.5500733e+02	  -8.9864847e-01	
   2.0160000e+05	   4.3997975e+03	   2.5917152e+02	  -8.9742646e-01	
   2.0250000e+05	   4.4007326e+03	   2.6159884e+02	  -8.9587250e-01	
   2.0340000e+05	   4.4012933e+03	   2.6414756e+02	  -8.9422539e-01	
   2.0430000e+05	   4.4028022e+03	   2.6918365e+02	  -8.9303105e-01	
   2.0520000e+05	   4.4030832e+03	   2.7551178e+02	  -8.9272438e-01	
   2.0610000e+05	   4.4011830e+03	   2.8032856e+02	  -8.9294340e-01	
   2.0700000e+05	   4.4001284e+03	   2.8327714e+02	  -8.9349031e-01	
   2.0790000e+05	   4.4030378e+03	   2.8450593e+02	  -8.9432014e-01	
   2.0880000e+05	   4.4092901e+03	   2.8385681e+02	  -8.9471929e-01	
   2.0970000e+05	   4.4169568e+03	   2.8121465e+02	  -8.9412119e-01	
   2.1060000e+05	   4.4272798e+03	   2.7691778e+02	  -8.9297980e-01	
   2.1150000e+05	   4.4431167e+03	   2.7181901e+02	  -8.9167485e-01	
   2.1240000e+05	   4.4620460e+03	   2.7024515e+02	  -8.9028572e-01	
   2.1330000e+05	   4.4807461e+03	   2.7650836e+02	  -8.8908922e-01	
   2.1420000e+05	   4.5022482e+03	   2.8522102e+02	  -8.8826469e-01	
   2.1510000e+05	   4.5297039e+03	   2.8897881e+02	  -8.8778083e-01	
   2.1600000e+05	   4.5616185e+03	   2.8820327e+02	  -8.8760042e-01	
   2.1690000e+05	   4.5949372e+03	   2.8641877e+02	  -8.8764887e-01	
   2.1780000e+05	   4.6288318e+03	   2.8569448e+02	  -8.8754475e-01	
   2.1870000e+05	   4.6645536e+03	   2.8645355e+02	  -8.8712824e-01	
   2.1960000e+05	   4.7018686e+03	   2.8922480e+02	  -8.8706790e-01	
   2.2050000e+05	   4.7395033e+03	   2.9420168e+02	  -8.8826052e-01	
   2.2140000e+05	   4.7772993e+03	   2.9940728e+02	  -8.9097739e-01	
   2.2230000e+05	   4.8133173e+03	   3.0308127e+02	  -8.9473504e-01	
   2.2320000e+05	   4.8431617e+03	   3.0576162e+02	  -8.9906645e-01	
   2.2410000e+05	   4.8656400e+03	   3.0859859e+02	  -9.0378776e-01	
   2.2500000e+05	   4.8834217e+03	   3.1201970e+02	  -9.0854702e-01	
   2.2590000e+05	   4.8986221e+03	   3.1605782e+02	  -9.1311668e-01	
   2.2680000e+05	   4.9113931e+03	   3.2110909e+02	  -9.1764837e-01	
   2.2770000e+05	   4.9204931e+03	   3.2776723e+02	  -9.2255735e-01	
   2.2860000e+05	   4.9241616e+03	   3.3702053e+02	  -9.2832577e-01	
   2.2950000e+05	   4.9215766e+03	   3.4999470e+02	  -9.3532943e-01	
   2.3040000e+05	   4.9156565e+03	   3.6226516e+02	  -9.4355935e-01	
   2.3130000e+05	   4.9106656e+03	   3.6529115e+02	  -9.5210901e-01	
   2.3220000e+05	   4.9049278e+03	   3.6124972e+02	  -9.5977714e-01	
   2.3310000e+05	   4.8940784e+03	   3.5972326e+02	  -9.6605421e-01	
   2.3400000e+05	   4.8786623e+03	   3.6480728e+02	  -9.7104819e-01	
   2.3490000e+05	   4.8608830e+03	   3.7517956e+02	  -9.7518287e-01	
   2.3580000e+05	   4.8422176e+03	   3.8821440e+02	  -9.7882048e-01	
   2.3670000e+05	   4.8257052e+03	   4.0162539e+02	  -9.8246217e-01	
   2.3760000e+05	   4.8133446e+03	   4.1488420e+02	  -9.8674045e-01	
   2.3850000e+05	   4.8039297e+03	   4.2881527e+02	  -9.9178358e-01	
   2.3940000e+05	   4.7963565e+03	   4.4158260e+02	  -9.9712369e-01	
   2.4030000e+05	   4.7905883e+03	   4.4987955e+02	  -1.0021284e+00	
   2.4120000e+05	   4.7865731e+03	   4.5375699e+02	  -1.0066117e+00	
   2.4210000e+05	   4.7855955e+03	   4.5488845e+02	  -1.0105918e+00	
   2.4300000e+05	   4.7886992e+03	   4.5534507e+02	  -1.0140344e+00	
   2.4390000e+05	   4.7947451e+03	   4.5755351e+02	  -1.0171405e+00	
   2.4480000e+05	   4.8031618e+03	   4.6147673e+02	  -1.0201082e+00	
   2.4570000e+05	   4.8152209e+03	   4.6604967e+02	  -1.0227492e+00	
   2.4660000e+05	   4.8315732e+03	   4.7310071e+02	  -1.0247410e+00	
   2.4750000e+05	   4.8509009e+03	   4.8413990e+02	  -1.0261922e+00	
   2.4840000e+05	   4.8706077e+03	   4.9637687e+02	  -1.0277696e+00	
   2.4930000e+05	   4.8900576e+03	   5.0698874e+02	  -1.0301625e+00	
   2.5020000e+05	   4.9106883e+03	   5.1643291e+02	  -1.0335840e+00	
   2.5110000e+05	   4.9324103e+03	   5.2558822e+02	  -1.0378262e+00	
   2.5200000e+05	   4.9532960e+03	   5.3468041e+02	  -1.0425351e+00	
   2.5290000e+05	   4.9706313e+03	   5.4364348e+02	  -1.0475012e+00	
   2.5380000e+05	   4.9825185e+03	   5.5149399e+02	  -1.0528928e+00	
   2.5470000e+05	   4.9888871e+03	   5.5751562e+02	  -1.0588174e+00	
   2.5560000e+05	   4.9898689e+03	   5.6169494e+02	  -1.0650207e+00	
   2.5650000e+05	   4.9846968e+03	   5.6417067e+02	  -1.0712446e+00	
   2.5740000e+05	   4.9727972e+03	   5.6528913e+02	  -1.0772173e+00	
   2.5830000e+05	   4.9564515e+03	   5.6431868e+02	  -1.0829478e+00	
   2.5920000e+05	   4.9396667e+03	   5.6014367e+02	  -1.0887560e+00	
   2.6010000e+05	   4.9233179e+03	   5.5328988e+02	  -1.0944954e+00	
   2.6100000e+05	   4.9061156e+03	   5.4492028e+02	  -1.0996866e+00	
   2.6190000e+05	   4.8878485e+03	   5.3474391e+02	  -1.1042223e+00	
   2.6280000e+05	   4.8693984e+03	   5.2158455e+02	  -1.1083275e+00	
   2.6370000e+05	   4.8529194e+03	   5.0579769e+02	  -1.1119332e+00	
   2.6460000e+05	   4.8414828e+03	   4.8904886e+02	  -1.1146559e+00	
   2.6550000e+05	   4.8367677e+03	   4.7301892e+02	  -1.1162378e+00	
   2.6640000e+05	   4.8390107e+03	   4.5825705e+02	  -1.1169424e+00	
   2.6730000e+05	   4.8448669e+03	   4.4201439e+02	  -1.1181094e+00	
   2.6820000e+05	   4.8476552e+03	   4.2102541e+02	  -1.1212064e+00	
   2.6910000e+05	   4.8480054e+03	   4.0024709e+02	  -1.1251353e+00	
   2.7000000e+05	   4.8530479e+03	   3.9122304e+02	  -1.1270795e+00	
   2.7090000e+05	   4.8600859e+03	   3.9402146e+02	  -1.1274005e+00	
   2.7180000e+05	   4.8589873e+03	   3.9600122e+02	  -1.1299259e+00	
   2.7270000e+05	   4.8490234e+03	   3.9126971e+02	  -1.1359488e+00	
   2.7360000e+05	   4.8382326e+03	   3.8582464e+02	  -1.1424771e+00	
   2.7450000e+05	   4.8308222e+03	   3.8349301e+02	  -1.1472672e+00	
   2.7540000e+05	   4.8257915e+03	   3.8181637e+02	  -1.1505380e+00	
   2.7630000e+05	   4.8236617e+03	   3.7868636e+02	  -1.1526998e+00	
   2.7720000e+05	   4.8265892e+03	   3.7864658e+02	  -1.1538876e+00	
   2.7810000e+05	   4.8346567e+03	   3.8786895e+02	  -1.1543273e+00	
   2.7900000e+05	   4.8449763e+03	   4.0514982e+02	  -1.1542827e+00	
   2.7990000e+05	   4.8553315e+03	   4.2477478e+02	  -1.1538654e+00	
   2.8080000e+05	   4.8666702e+03	   4.4292612e+02	  -1.1530693e+00	
   2.8170000e+05	   4.8783500e+03	   4.5753121e+02	  -1.1519390e+00	
   2.8260000e+05	   4.8883138e+03	   4.6871389e+02	  -1.1507041e+00	
   2.8350000e+05	   4.8973423e+03	   4.7832382e+02	  -1.1496292e+00	
   2.8440000e+05	   4.9066255e+03	   4.8640166e+02	  -1.1491178e+00	
   2.8530000e+05	   4.9155356e+03	   4.9213080e+02	  -1.1495220e+00	
   2.8620000e+05	   4.9236387e+03	   4.9593060e+02	  -1.1502443e+00	
   2.8710000e+05	   4.9313089e+03	   4.9723302e+02	  -1.1505689e+00	
   2.8800000e+05	   4.9390524e+03	   4.9547206e+02	  -1.1506879e+00	
   2.8890000e+05	   4.9469132e+03	   4.9224409e+02	  -1.1508771e+00	
   2.8980000e+05	   4.9549552e+03	   4.8979800e+02	  -1.1511043e+00	
   2.9070000e+05	   4.9639026e+03	   4.8887667e+02	  -1.1515332e+00	
   2.9160000e+05	   4.9743122e+03	   4.8872383e+02	  -1.1522889e+00	
   2.9250000e+05	   4.9876649e+03	   4.8784040e+02	  -1.1534130e+00	
   2.9340000e+05	   5.0023840e+03	   4.8586750e+02	  -1.1553198e+00	
   2.9430000e+05	   5.0123305e+03	   4.8396540e+02	  -1.1583896e+00	
   2.9520000e+05	   5.0157626e+03	   4.8117280e+02	  -1.1622170e+00	
   2.9610000e+05	   5.0159593e+03	   4.7493635e+02	  -1.1661796e+00	
   2.9700000e+05	   5.0146396e+03	   4.6554144e+02	  -1.1705019e+00	
   2.9790000e+05	   5.0104271e+03	   4.5693721e+02	  -1.1754370e+00	
   2.9880000e+05	   5.0022776e+03	   4.5393060e+02	  -1.1803479e+00	
   2.9970000e+05	   4.9937924e+03	   4.5502589e+02	  -1.1847530e+00	
   3.0060000e+05	   4.9893706e+03	   4.5416900e+02	  -1.1887696e+00	
   3.0150000e+05	   4.9883903e+03	   4.4987472e+02	  -1.1923212e+00	
   3.0240000e+05	   4.9880982e+03	   4.4500738e+02	  -1.1953359e+00	
   3.0330000e+05	   4.9884790e+03	   4.3956183e+02	  -1.1978166e+00	
   3.0420000e+05	   4.9896229e+03	   4.2941331e+02	  -1.1989639e+00	
   3.0510000e+05	   4.9904840e+03	   4.1448617e+02	  -1.1985720e+00	
   3.0600000e+05	   4.9917668e+03	   3.9978398e+02	  -1.1979698e+00	
   3.0690000e+05	   4.9943536e+03	   3.8750700e+02	  -1.1978979e+00	
   3.0780000e+05	   4.9977797e+03	   3.7884399e+02	  -1.1981666e+00	
   3.0870000e+05	   5.0034756e+03	   3.7486021e+02	  -1.1988037e+00	
   3.0960000e+05	   5.0143566e+03	   3.7132047e+02	  -1.2000570e+00	
   3.1050000e+05	   5.0274949e+03	   3.6431205e+02	  -1.2023932e+00	
   3.1140000e+05	   5.0352443e+03	   3.5475828e+02	  -1.2056510e+00	
   3.1230000e+05	   5.0374760e+03	   3.4312697e+02	  -1.2082770e+00	
   3.1320000e+05	   5.0418758e+03	   3.3232727e+02	  -1.2096828e+00	
   3.1410000e+05	   5.0508035e+03	   3.2731088e+02	  -1.2111783e+00	
   3.1500000e+05	   5.0585393e+03	   3.2734741e+02	  -1.2130008e+00	
   3.1590000e+05	   5.0627739e+03	   3.2732171e+02	  -1.2140877e+00	
   3.1680000e+05	   5.0679184e+03	   3.2526273e+02	  -1.2140719e+00	
   3.1770000e+05	   5.0756213e+03	   3.2158992e+02	  -1.2133116e+00	
   3.1860000e+05	   5.0821901e+03	   3.1679241e+02	  -1.2124049e+00	
   3.1950000e+05	   5.0845954e+03	   3.1199372e+02	  -1.2116944e+00	
   3.2040000e+05	   5.0831666e+03	   3.0918690e+02	  -1.2112473e+00	
   3.2130000e+05	   5.0799567e+03	   3.1029237e+02	  -1.2112202e+00	
   3.2220000e+05	   5.0752661e+03	   3.1395041e+02	  -1.2114821e+00	
   3.2310000e+05	   5.0688730e+03	   3.1673380e+02	  -1.2116828e+00	
   3.2400000e+05	   5.0637603e+03	   3.1562612e+02	  -1.2115781e+00	
   3.2490000e+05	   5.0599770e+03	   3.0947550e+02	  -1.2111630e+00	
   3.2580000e+05	   5.0503437e+03	   3.0379080e+02	  -1.2106973e+00	
   3.2670000e+05	   5.0321235e+03	   3.0427175e+02	  -1.2103139e+00	
   3.2760000e+05	   5.0131866e+03	   3.0856808e+02	  -1.2098308e+00	
   3.2850000e+05	   4.9987866e+03	   3.1293318e+02	  -1.2090794e+00	
   3.2940000e+05	   4.9881585e+03	   3.1584073e+02	  -1.2075111e+00	
   3.3030000e+05	   4.9808766e+03	   3.1529250e+02	  -1.2043509e+00	
   3.3120000e+05	   4.9758316e+03	   3.1105737e+02	  -1.2002758e+00	
   3.3210000e+05	   4.9715318e+03	   3.0569170e+02	  -1.1965999e+00	
   3.3300000e+05	   4.9666149e+03	   3.0163893e+02	  -1.1928962e+00	
   3.3390000e+05	   4.9608079e+03	   2.9670721e+02	  -1.1881094e+00	
   3.3480000e+05	   4.9577303e+03	   2.8984142e+02	  -1.1827310e+00	
   3.3570000e+05	   4.9605202e+03	   2.8658936e+02	  -1.1778318e+00	
   3.3660000e+05	   4.9666002e+03	   2.9043748e+02	  -1.1733597e+00	
   3.3750000e+05	   4.9738552e+03	   3.0022808e+02	  -1.1687413e+00	
   3.3840000e+05	   4.9856922e+03	   3.1597169e+02	  -1.1639171e+00	
   3.3930000e+05	   5.0053000e+03	   3.3877250e+02	  -1.1589256e+00	
   3.4020000e+05	   5.0327283e+03	   3.6584460e+02	  -1.1535103e+00	
   3.4110000e+05	   5.0644681e+03	   3.9186034e+02	  -1.1479336e+00	
   3.4200000e+05	   5.0949437e+03	   4.1435244e+02	  -1.1430761e+00	
   3.4290000e+05	   5.1235895e+03	   4.3436674e+02	  -1.1390892e+00	
   3.4380000e+05	   5.1543425e+03	   4.5444353e+02	  -1.1355218e+00	
   3.4470000e+05	   5.1875772e+03	   4.7447913e+02	  -1.1328930e+00	
   3.4560000e+05	   5.2205147e+03	   4.9198744e+02	  -1.1322934e+00	
   3.4650000e+05	   5.2511297e+03	   5.0665172e+02	  -1.1333365e+00	
   3.4740000e+05	   5.2776007e+03	   5.2072526e+02	  -1.1346820e+00	
   3.4830000e+05	   5.2977867e+03	   5.3532187e+02	  -1.1366842e+00	
   3.4920000e+05	   5.3110007e+03	   5.4788057e+02	  -1.1404148e+00	
   3.5010000e+05	   5.3204067e+03	   5.5569085e+02	  -1.1451635e+00	
   3.5100000e+05	   5.3309092e+03	   5.6255327e+02	  -1.1491814e+00	
   3.5190000e+05	   5.3411631e+03	   5.7254243e+02	  -1.1519729e+00	
   3.5280000e+05	   5.3418460e+03	   5.8058569e+02	  -1.1538544e+00	
   3.5370000e+05	   5.3306459e+03	   5.7957800e+02	  -1.1546097e+00	
   3.5460000e+05	   5.3191832e+03	   5.6882978e+02	  -1.1541775e+00	
   3.5550000e+05	   5.3124709e+03	   5.5131019e+02	  -1.1529425e+00	
   3.5640000e+05	   5.3018915e+03	   5.3081938e+02	  -1.1512791e+00	
   3.5730000e+05	   5.2808208e+03	   5.0885575e+02	  -1.1495035e+00	
   3.5820000e+05	   5.2505872e+03	   4.8616863e+02	  -1.1474247e+00	
   3.5910000e+05	   5.2163021e+03	   4.6468827e+02	  -1.1446998e+00	
   3.6000000e+05	   5.1843004e+03	   4.4691506e+02	  -1.1412259e+00	
   3.6090000e+05	   5.1577383e+03	   4.3501380e+02	  -1.1368713e+00	
   3.6180000e+05	   5.1355998e+03	   4.2764779e+02	  -1.1317286e+00	
   3.6270000e+05	   5.1167117e+03	   4.2199299e+02	  -1.1260314e+00	
   3.6360000e+05	   5.1003646e+03	   4.1902438e+02	  -1.1197393e+00	
   3.6450000e+05	   5.0850542e+03	   4.2171424e+02	  -1.1126706e+00	
   3.6540000e+05	   5.0699610e+03	   4.3176625e+02	  -1.1048104e+00	
   3.6630000e+05	   5.0587700e+03	   4.4986156e+02	  -1.0961938e+00	
   3.6720000e+05	   5.0563102e+03	   4.7398173e+02	  -1.0868532e+00	
   3.6810000e+05	   5.0626456e+03	   5.0023007e+02	  -1.0771734e+00	
   3.6900000e+05	   5.0760800e+03	   5.2280408e+02	  -1.0677332e+00	
   3.6990000e+05	   5.0946254e+03	   5.3534832e+02	  -1.0587620e+00	
   3.7080000e+05	   5.1157413e+03	   5.3802695e+02	  -1.0500601e+00	
   3.7170000e+05	   5.1382607e+03	   5.3524476e+02	  -1.0417878e+00	
   3.7260000e+05	   5.1608645e+03	   5.2984019e+02	  -1.0347395e+00	
   3.7350000e+05	   5.1812868e+03	   5.2371638e+02	  -1.0293808e+00	
   3.7440000e+05	   5.1981291e+03	   5.1841196e+02	  -1.0257836e+00	
   3.7530000e+05	   5.2121446e+03	   5.1476735e+02	  -1.0239097e+00	
   3.7620000e+05	   5.2264320e+03	   5.1086492e+02	  -1.0233202e+00	
   3.7710000e+05	   5.2430865e+03	   5.0322402e+02	  -1.0238974e+00	
   3.7800000e+05	   5.2612832e+03	   4.9422993e+02	  -1.0260258e+00	
   3.7890000e+05	   5.2812517e+03	   4.9094065e+02	  -1.0294319e+00	
   3.7980000e+05	   5.3018343e+03	   4.9476189e+02	  -1.0330336e+00	
   3.8070000e+05	   5.3190332e+03	   5.0220703e+02	  -1.0360225e+00	
   3.8160000e+05	   5.3328182e+03	   5.1223885e+02	  -1.0379478e+00	
   3.8250000e+05	   5.3447531e+03	   5.2410677e+02	  -1.0388011e+00	
   3.8340000e+05	   5.3536479e+03	   5.3389780e+02	  -1.0394691e+00	
   3.8430000e+05	   5.3589285e+03	   5.3931277e+02	  -1.0406750e+00	
   3.8520000e+05	   5.3621624e+03	   5.4308393e+02	  -1.0420564e+00	
   3.8610000e+05	   5.3642895e+03	   5.4670943e+02	  -1.0432248e+00	
   3.8700000e+05	   5.3658753e+03	   5.5128586e+02	  -1.0444136e+00	
   3.8790000e+05	   5.3675053e+03	   5.5961402e+02	  -1.0454588e+00	
   3.8880000e+05	   5.3678843e+03	   5.6935794e+02	  -1.0457923e+00	
   3.8970000e+05	   5.3653286e+03	   5.7572751e+02	  -1.0457894e+00	
   3.9060000e+05	   5.3596663e+03	   5.7607818e+02	  -1.0463129e+00	
   3.9150000e+05	   5.3517868e+03	   5.6893422e+02	  -1.0474113e+00	
   3.9240000e+05	   5.3455928e+03	   5.5955310e+02	  -1.0487178e+00	
   3.9330000e+05	   5.3454922e+03	   5.5658934e+02	  -1.0500192e+00	
   3.9420000e+05	   5.3483401e+03	   5.6095778e+02	  -1.0510433e+00	
   3.9510000e+05	   5.3500748e+03	   5.6827016e+02	  -1.0515412e+00	
   3.9600000e+05	   5.3540761e+03	   5.7571271e+02	  -1.0514796e+00	
   3.9690000e+05	   5.3636251e+03	   5.8162175e+02	  -1.0512135e+00	
   3.9780000e+05	   5.3772560e+03	   5.8529088e+02	  -1.0516608e+00	
   3.9870000e+05	   5.3902371e+03	   5.8881459e+02	  -1.0536239e+00	
   3.9960000e+05	   5.3976399e+03	   5.9557967e+02	  -1.0569256e+00	
   4.0050000e+05	   5.3998581e+03	   6.0728119e+02	  -1.0607677e+00	
   4.0140000e+05	   5.4006024e+03	   6.2237266e+02	  -1.0646864e+00	
   4.0230000e+05	   5.4001591e+03	   6.3766122e+02	  -1.0690607e+00	
   4.0320000e+05	   5.3965837e+03	   6.5182166e+02	  -1.0743320e+00	
   4.0410000e+05	   5.3888975e+03	   6.6554848e+02	  -1.0798485e+00	
   4.0500000e+05	   5.3756124e+03	   6.7571681e+02	  -1.0847535e+00	
   4.0590000e+05	   5.3556509e+03	   6.7624191e+02	  -1.0892596e+00	
   4.0680000e+05	   5.3311881e+03	   6.7124530e+02	  -1.0935044e+00	
   4.0770000e+05	   5.3042990e+03	   6.7081438e+02	  -1.0970753e+00	
   4.0860000e+05	   5.2770618e+03	   6.7495860e+02	  -1.0998247e+00	
   4.0950000e+05	   5.2540494e+03	   6.7764703e+02	  -1.1017360e+00	
   4.1040000e+05	   5.2383858e+03	   6.7774934e+02	  -1.1028474e+00	
   4.1130000e+05	   5.2295327e+03	   6.7723281e+02	  -1.1031532e+00	
   4.1220000e+05	   5.2246137e+03	   6.7433048e+02	  -1.1027698e+00	
   4.1310000e+05	   5.2203752e+03	   6.6485107e+02	  -1.1017365e+00	
   4.1400000e+05	   5.2145599e+03	   6.4924765e+02	  -1.0996107e+00	
   4.1490000e+05	   5.2056652e+03	   6.3180954e+02	  -1.0959891e+00	
   4.1580000e+05	   5.1930301e+03	   6.1711321e+02	  -1.0910299e+00	
   4.1670000e+05	   5.1786509e+03	   6.0778788e+02	  -1.0857774e+00	
   4.1760000e+05	   5.1652145e+03	   6.0154636e+02	  -1.0814036e+00	
   4.1850000e+05	   5.1531495e+03	   5.9503652e+02	  -1.0778568e+00	
   4.1940000e+05	   5.1440095e+03	   5.8756165e+02	  -1.0744150e+00	
   4.2030000e+05	   5.1413410e+03	   5.7972258e+02	  -1.0706871e+00	
   4.2120000e+05	   5.1463376e+03	   5.7213818e+02	  -1.0669017e+00	
   4.2210000e+05	   5.1563500e+03	   5.6479902e+02	  -1.0632781e+00	
   4.2300000e+05	   5.1681105e+03	   5.5708411e+02	  -1.0598627e+00	
   4.2390000e+05	   5.1811500e+03	   5.4891904e+02	  -1.0571248e+00	
   4.2480000e+05	   5.1985301e+03	   5.4234517e+02	  -1.0554767e+00	
   4.2570000e+05	   5.2227897e+03	   5.3976483e+02	  -1.0549271e+00	
   4.2660000e+05	   5.2526312e+03	   5.3964356e+02	  -1.0552636e+00	
   4.2750000e+05	   5.2856667e+03	   5.3863647e+02	  -1.0561118e+00	
   4.2840000e+05	   5.3185194e+03	   5.3585224e+02	  -1.0571629e+00	
   4.2930000e+05	   5.3476127e+03	   5.3194966e+02	  -1.0582341e+00	
   4.3020000e+05	   5.3723703e+03	   5.2756733e+02	  -1.0590501e+00	
   4.3110000e+05	   5.3942219e+03	   5.2286016e+02	  -1.0595603e+00	
   4.3200000e+05	   5.4124992e+03	   5.1617791e+02	  -1.0600769e+00	
   4.3290000e+05	   5.4255216e+03	   5.0536736e+02	  -1.0608115e+00	
   4.3380000e+05	   5.4345739e+03	   4.9296860e+02	  -1.0618164e+00	
   4.3470000e+05	   5.4411696e+03	   4.8434912e+02	  -1.0633337e+00	
   4.3560000e+05	   5.4448065e+03	   4.8070964e+02	  -1.0656718e+00	
   4.3650000e+05	   5.4457892e+03	   4.8083666e+02	  -1.0682766e+00	
   4.3740000e+05	   5.4448194e+03	   4.8276581e+02	  -1.0698453e+00	
   4.3830000e+05	   5.4415024e+03	   4.8352413e+02	  -1.0696406e+00	
   4.3920000e+05	   5.4363937e+03	   4.8188351e+02	  -1.0675167e+00	
   4.4010000e+05	   5.4306473e+03	   4.7730073e+02	  -1.0640400e+00	
   4.4100000e+05	   5.4233004e+03	   4.6953385e+02	  -1.0606147e+00	
   4.4190000e+05	   5.4133730e+03	   4.5970146e+02	  -1.0579859e+00	
   4.4280000e+05	   5.4030767e+03	   4.4904085e+02	  -1.0559105e+00	
   4.4370000e+05	   5.3946260e+03	   4.3944870e+02	  -1.0538522e+00	
   4.4460000e+05	   5.3884786e+03	   4.3635851e+02	  -1.0515626e+00	
   4.4550000e+05	   5.3851588e+03	   4.4325939e+02	  -1.0491782e+00	
   4.4640000e+05	   5.3852441e+03	   4.5514202e+02	  -1.0461317e+00	
   4.4730000e+05	   5.3891578e+03	   4.6555659e+02	  -1.0416862e+00	
   4.4820000e+05	   5.3968894e+03	   4.7271107e+02	  -1.0363602e+00	
   4.4910000e+05	   5.4093389e+03	   4.7686201e+02	  -1.0310998e+00	
   4.5000000e+05	   5.4280193e+03	   4.7816490e+02	  -1.0267220e+00	
   4.5090000e+05	   5.4509327e+03	   4.7679760e+02	  -1.0237805e+00	
   4.5180000e+05	   5.4743519e+03	   4.7362603e+02	  -1.0224207e+00	
   4.5270000e+05	   5.4974316e+03	   4.7026908e+02	  -1.0224828e+00	
   4.5360000e+05	   5.5202762e+03	   4.6762535e+02	  -1.0232074e+00	
   4.5450000e+05	   5.5416099e+03	   4.6488508e+02	  -1.0244359e+00	
   4.5540000e+05	   5.5614617e+03	   4.6072676e+02	  -1.0269650e+00	
   4.5630000e+05	   5.5812166e+03	   4.5514419e+02	  -1.0307800e+00	
   4.5720000e+05	   5.5990035e+03	   4.4851865e+02	  -1.0348406e+00	
   4.5810000e+05	   5.6124629e+03	   4.4029903e+02	  -1.0385178e+00	
   4.5900000e+05	   5.6237960e+03	   4.2942711e+02	  -1.0420368e+00	
   4.5990000e+05	   5.6342789e+03	   4.1514896e+02	  -1.0455813e+00	
   4.6080000e+05	   5.6412633e+03	   3.9861376e+02	  -1.0490120e+00	
   4.6170000e+05	   5.6450351e+03	   3.8304496e+02	  -1.0523031e+00	
   4.6260000e+05	   5.6488267e+03	   3.7175229e+02	  -1.0554552e+00	
   4.6350000e+05	   5.6525372e+03	   3.6684761e+02	  -1.0581297e+00	
   4.6440000e+05	   5.6548071e+03	   3.6895117e+02	  -1.0597832e+00	
   4.6530000e+05	   5.6554962e+03	   3.7698559e+02	  -1.0604386e+00	
   4.6620000e+05	   5.6535610e+03	   3.8790307e+02	  -1.0607462e+00	
   4.6710000e+05	   5.6468908e+03	   3.9841300e+02	  -1.0611337e+00	
   4.6800000e+05	   5.6326782e+03	   4.0803103e+02	  -1.0619527e+00	
   4.6890000e+05	   5.6107505e+03	   4.1562544e+02	  -1.0637544e+00	
   4.6980000e+05	   5.5857306e+03	   4.1865571e+02	  -1.0665203e+00	
   4.7070000e+05	   5.5603695e+03	   4.1851208e+02	  -1.0696947e+00	
   4.7160000e+05	   5.5336839e+03	   4.1742896e+02	  -1.0730318e+00	
   4.7250000e+05	   5.5051326e+03	   4.1527988e+02	  -1.0765227e+00	
   4.7340000e+05	   5.4731770e+03	   4.1117446e+02	  -1.0800061e+00	
   4.7430000e+05	   5.4355938e+03	   4.0413377e+02	  -1.0832424e+00	
   4.7520000e+05	   5.3945058e+03	   3.9316606e+02	  -1.0857853e+00	
   4.7610000e+05	   5.3538576e+03	   3.7948410e+02	  -1.0872135e+00	
   4.7700000e+05	   5.3139796e+03	   3.6813619e+02	  -1.0877581e+00	
   4.7790000e+05	   5.2738732e+03	   3.6224025e+02	  -1.0880303e+00	
   4.7880000e+05	   5.2334702e+03	   3.5925622e+02	  -1.0879456e+00	
   4.7970000e+05	   5.1899620e+03	   3.5528991e+02	  -1.0867993e+00	
   4.8060000e+05	   5.1400876e+03	   3.5014010e+02	  -1.0843887e+00	
   4.8150000e+05	   5.0874242e+03	   3.4674628e+02	  -1.0809591e+00	
   4.8240000e+05	   5.0391029e+03	   3.4637983e+02	  -1.0765371e+00	
   4.8330000e+05	   4.9955901e+03	   3.4844756e+02	  -1.0709132e+00	
   4.8420000e+05	   4.9532378e+03	   3.5497891e+02	  -1.0641026e+00	
   4.8510000e+05	   4.9125538e+03	   3.6669157e+02	  -1.0566586e+00	
   4.8600000e+05	   4.8766988e+03	   3.8139677e+02	  -1.0494417e+00	
   4.8690000e+05	   4.8489920e+03	   3.9834198e+02	  -1.0427129e+00	
   4.8780000e+05	   4.8308226e+03	   4.1471471e+02	  -1.0359388e+00	
   4.8870000e+05	   4.8193918e+03	   4.2587476e+02	  -1.0287480e+00	
   4.8960000e+05	   4.8116937e+03	   4.3288799e+02	  -1.0214547e+00	
   4.9050000e+05	   4.8079528e+03	   4.4015870e+02	  -1.0142903e+00	
   4.9140000e+05	   4.8078579e+03	   4.4697871e+02	  -1.0071084e+00	
   4.9230000e+05	   4.8119064e+03	   4.4892417e+02	  -1.0003433e+00	
   4.9320000e+05	   4.8229493e+03	   4.4730443e+02	  -9.9550148e-01	
   4.9410000e+05	   4.8386682e+03	   4.4683784e+02	  -9.9309417e-01	
   4.9500000e+05	   4.8526043e+03	   4.4681610e+02	  -9.9195796e-01	
   4.9590000e+05	   4.8634440e+03	   4.4611692e+02	  -9.9127401e-01	
   4.9680000e+05	   4.8736807e+03	   4.4774047e+02	  -9.9073099e-01	
   4.9770000e+05	   4.8839679e+03	   4.5300289e+02	  -9.9051641e-01	
   4.9860000e+05	   4.8939473e+03	   4.6010764e+02	  -9.9137513e-01	
   4.9950000e+05	   4.9029084e+03	   4.6696619e+02	  -9.9316255e-01	
   5.0040000e+05	   4.9079257e+03	   4.7305899e+02	  -9.9525266e-01	
   5.0130000e+05	   4.9076408e+03	   4.7913162e+02	  -9.9757147e-01	
   5.0220000e+05	   4.9045561e+03	   4.8538257e+02	  -1.0000979e+00	
   5.0310000e+05	   4.9002097e+03	   4.9166205e+02	  -1.0026789e+00	
   5.0400000e+05	   4.8949315e+03	   4.9818545e+02	  -1.0052082e+00	
   5.0490000e+05	   4.8889329e+03	   5.0530877e+02	  -1.0075348e+00	
   5.0580000e+05	   4.8810699e+03	   5.1291272e+02	  -1.0092169e+00	
   5.0670000e+05	   4.8701820e+03	   5.2047046e+02	  -1.0099749e+00	
   5.0760000e+05	   4.8563845e+03	   5.2793874e+02	  -1.0104933e+00	
   5.0850000e+05	   4.8401565e+03	   5.3535099e+02	  -1.0116190e+00	
   5.0940000e+05	   4.8218597e+03	   5.4258407e+02	  -1.0135285e+00	
   5.1030000e+05	   4.8018628e+03	   5.4957612e+02	  -1.0161728e+00	
   5.1120000e+05	   4.7805397e+03	   5.5624834e+02	  -1.0195038e+00	
   5.1210000e+05	   4.7583124e+03	   5.6244748e+02	  -1.0234810e+00	
   5.1300000e+05	   4.7355980e+03	   5.6798200e+02	  -1.0281109e+00	
   5.1390000e+05	   4.7123421e+03	   5.7242086e+02	  -1.0333925e+00	
   5.1480000e+05	   4.6882051e+03	   5.7522633e+02	  -1.0392881e+00	
   5.1570000e+05	   4.6618419e+03	   5.7710523e+02	  -1.0454040e+00	
   5.1660000e+05	   4.6310374e+03	   5.7965293e+02	  -1.0510536e+00	
   5.1750000e+05	   4.5962606e+03	   5.8264766e+02	  -1.0563177e+00	
   5.1840000e+05	   4.5604157e+03	   5.8462003e+02	  -1.0619448e+00	
   5.1930000e+05	   4.5250605e+03	   5.8526576e+02	  -1.0682483e+00	
   5.2020000e+05	   4.4900601e+03	   5.8531449e+02	  -1.0750652e+00	
   5.2110000e+05	   4.4551048e+03	   5.8551869e+02	  -1.0821797e+00	
   5.2200000e+05	   4.4199260e+03	   5.8656574e+02	  -1.0893909e+00	
   5.2290000e+05	   4.3843459e+03	   5.8902306e+02	  -1.0965010e+00	
   5.2380000e+05	   4.3483762e+03	   5.9326867e+02	  -1.1032764e+00	
   5.2470000e+05	   4.3118096e+03	   5.9937530e+02	  -1.1096054e+00	
   5.2560000e+05	   4.2743193e+03	   6.0718132e+02	  -1.1155002e+00	
   5.2650000e+05	   4.2358202e+03	   6.1645273e+02	  -1.1209837e+00	
   5.2740000e+05	   4.1963700e+03	   6.2689303e+02	  -1.1260907e+00	
   5.2830000e+05	   4.1560344e+03	   6.3819785e+02	  -1.1308610e+00	
   5.2920000e+05	   4.1148849e+03	   6.5007346e+02	  -1.1353339e+00	
   5.3010000e+05	   4.0729987e+03	   6.6223497e+02	  -1.1395481e+00	
   5.3100000e+05	   4.0304584e+03	   6.7440463e+02	  -1.1435419e+00	
   5.3190000e+05	   3.9873697e+03	   6.8630316e+02	  -1.1473543e+00	
   5.3280000e+05	   3.9438840e+03	   6.9763901e+02	  -1.1510265e+00	
   5.3370000e+05	   3.9001642e+03	   7.0812159e+02	  -1.1546005e+00	
   5.3460000e+05	   3.8563763e+03	   7.1745523e+02	  -1.1581172e+00	
   5.3550000e+05	   3.8126588e+03	   7.2525466e+02	  -1.1615971e+00	
   5.3640000e+05	   3.7691368e+03	   7.3108677e+02	  -1.1650474e+00	
   5.3730000e+05	   3.7259431e+03	   7.3452756e+02	  -1.1684722e+00	
   5.3820000e+05	   3.6832204e+03	   7.3516512e+02	  -1.1718721e+00	
   5.3910000e+05	   3.6411315e+03	   7.3264313e+02	  -1.1752493e+00	
   5.4000000e+05	   3.5999970e+03	   7.2706117e+02	  -1.1786549e+00	
   5.4090000e+05	   3.5603529e+03	   7.1913406e+02	  -1.1819473e+00	
   5.4180000e+05	   3.5226759e+03	   7.0990258e+02	  -1.1847679e+00	
   5.4270000e+05	   3.4873522e+03	   7.0047195e+02	  -1.1867228e+00	
   5.4360000e+05	   3.4549723e+03	   6.9196938e+02	  -1.1873852e+00	
   5.4450000e+05	   3.4262119e+03	   6.8554498e+02	  -1.1863060e+00	
   5.4540000e+05	   3.4015367e+03	   6.8236504e+02	  -1.1830592e+00	
   5.4630000e+05	   3.3810707e+03	   6.8320439e+02	  -1.1775435e+00	
   5.4720000e+05	   3.3647593e+03	   6.8851852e+02	  -1.1699300e+00	
